7
13
9
-8
0
-6
-13
0
-7
3
1
0
20
6
10
-12
9
12
8
3
-12
-10
6
8
9
10
-13
-17
6
4
3
-13
-1
-15
-1
-14
-1
-11
-9
-9
8
4
9
0
5
-7
-14
2
6
-9
-3
-10
-15
-8
3
-11
1
-3
-4
-16
-19
-6
-14
-11
-3
3
3
-8
-2
-8
-15
-3
-22
-8
-16
-4
-9
-7
0
-1
-2
-1
-7
-4
4
-2
-16
2
-1
7
-2
1
4
7
2
-8
-9
1
0
0
-4
6
-6
3
3
-18
3
-9
-1
-6
-4
-2
-22
-1
-1
-4
0
0
-22
-28
0
-11
-15
-1
2
-5
2
-6
-2
-6
0
0
-21
-18
-3
1
0
4
8
-4
-2
5
-2
-4
5
2
3
2
7
1
-3
-3
-7
-4
-5
-1
-2
-7
1
13
1
8
-3
0
-4
2
6
-1
25
-10
-4
-2
0
-7
2
-4
-13
-7
0
-8
-15
-11
10
-3
-6
-7
-8
-5
0
-1
-17
-15
4
3
-3
1
4
-1
26
23
-13
2
3
-14
-17
-10
-4
-6
-1
-10
-10
-1
-21
-13
-2
-11
0
-18
-2
1
0
-13
1
0
-8
-10
18
-12
9
3
1
-21
-3
3
-10
-17
1
-19
-4
-4
-12
-9
-3
5
-14
-19
-18
-2
-3
-13
-11
-10
-10
-6
-14
-18
-4
-9
-9
-14
-9
8
8
-20
8
11
1
-14
0
-14
4
-1
4
-12
-3
9
5
-4
3
8
-1
1
-14
-3
-10
-7
1
-2
5
-11
-5
-11
2
7
-12
-2
-10
2
-8
4
-10
-8
10
-9
2
-13
-1
5
7
0
2
-2
-2
5
-12
15
4
9
10
11
10
14
1
-2
0
5
10
-2
-15
2
-16
5
1
3
-9
0
9
4
-16
3
-9
6
-14
5
5
2
2
-11
-8
11
-2
-4
13
-9
2
-2
8
4
-14
2
-14
8
-16
-7
2
-22
-22
-1
-1
-2
-4
-14
3
-8
-20
-1
-16
-2
-3
-21
9
3
5
-3
-8
-7
-8
-7
-17
-10
-30
-24
11
-17
3
-20
-22
-5
-13
-21
3
8
-10
-1
-12
2
1
-13
4
1
-19
-15
7
4
-14
-17
-5
1
-14
-1
-9
-15
-16
-27
-9
-3
-21
-5
-13
-8
-1
-7
-10
-7
1
-11
4
0
-11
-5
-4
-8
-4
-6
-4
5
8
-16
5
6
-9
4
-14
5
-18
-15
-16
6
-4
-4
-8
2
-7
-10
0
-6
-18
-6
-11
3
5
-12
4
-16
1
-12
5
-16
10
-16
10
-17
8
-18
14
-5
-14
-3
0
3
0
-1
4
-1
-23
-2
-24
-2
-4
-5
-14
-1
-26
-8
-11
-9
-23
4
-6
-12
-5
-18
-4
-15
-18
-7
-21
-1
-22
-8
-13
-22
-19
-5
-25
-12
-7
-10
-11
3
-2
-17
-15
-17
-11
-10
-12
-11
-14
-12
-7
-6
-2
-11
-7
-4
-1
-15
-15
-7
3
-9
-6
1
4
11
-1
4
2
2
4
-1
-2
-3
4
3
-1
-1
-6
3
1
6
-8
-2
-4
-2
-3
3
-8
-2
-4
-4
-9
4
4
-1
1
1
-5
0
-2
-10
4
-1
-9
5
-8
-6
-3
3
-7
-8
-10
1
-3
-6
-4
-9
-10
-7
-1
-8
2
-13
-11
-5
7
-12
10
1
6
1
-8
-6
-14
-1
10
4
-6
-2
-9
-4
-6
0
-13
-3
-3
-5
-5
-7
4
-4
-2
0
1
-3
-2
-5
-1
-5
0
-11
-11
-2
-4
-2
1
1
4
-18
-1
-10
5
-1
-3
0
1
5
-3
-3
2
3
1
2
-3
-7
2
-1
0
-1
-3
-21
4
-2
3
1
0
3
-10
0
4
-11
7
-14
-14
-7
-4
-7
-5
0
7
-4
-1
-12
-10
0
0
-1
3
2
-7
-10
-13
-1
9
3
0
0
-12
-7
-7
-10
-7
-9
-7
-14
-11
-6
-1
2
-3
-3
-6
-4
-17
-8
10
17
17
15
14
19
17
5
8
25
14
3
-3
7
10
8
6
-12
21
3
11
18
-8
-9
-2
-2
4
-9
5
21
-3
2
14
16
8
15
8
25
-2
13
-4
12
12
3
-16
12
15
9
17
20
23
17
17
18
22
7
6
1
0
-3
-6
-2
6
6
-1
-18
-16
-4
-14
-20
-20
-13
-17
-17
-13
-13
-16
-19
-10
-8
-12
-26
-12
-31
-9
1
-8
-11
13
-5
8
4
8
8
9
-22
-1
2
-21
-22
4
-7
-2
-3
-5
-6
-16
-22
-14
-13
-24
-36
-24
-20
17
18
14
-19
9
23
-19
13
10
2
12
13
8
-2
14
6
6
-19
6
-1
20
4
-17
-15
-17
7
-1
1
6
8
5
7
3
4
2
-15
-21
-9
-12
1
-3
-25
0
3
-25
17
8
-17
2
-21
8
7
-1
4
4
11
-20
-1
1
-16
17
-15
9
-2
8
7
6
-10
-18
-8
2
-18
-14
4
1
-20
-1
-15
-1
3
-8
-29
3
-1
9
-8
10
2
13
7
2
-21
9
2
-1
2
7
-8
-9
-5
5
-1
4
1
-24
-4
6
7
14
8
9
1
12
-20
-9
-32
12
3
4
-23
-1
10
1
-2
-30
-12
6
-22
8
5
-17
-1
-7
3
-2
0
-21
1
-27
13
-11
8
-12
7
-21
7
13
-20
0
-1
-1
10
-18
-1
1
-22
-4
1
0
5
-1
-19
-1
-17
1
0
0
5
-1
0
2
-14
9
-5
-19
-4
-8
-8
3
2
-17
-31
5
1
4
-18
-10
12
2
-23
-4
2
8
-23
7
2
-24
-2
-18
10
1
-11
-1
-2
-6
-2
1
1
0
8
-18
-3
3
4
15
-13
13
3
-11
5
-2
8
-2
-1
-4
-2
-6
13
-12
-18
6
3
-21
1
10
13
8
-13
8
-15
-14
6
-15
8
-5
3
-17
11
7
-3
-22
5
1
1
-8
-10
-23
0
-4
-11
10
8
-6
12
4
5
5
0
11
1
27
-18
-1
6
20
-13
-3
8
-3
6
-8
11
4
5
13
3
-20
-16
-7
0
0
1
3
5
0
2
2
-6
1
7
3
2
4
-5
4
3
0
-5
24
9
-9
21
10
15
3
10
5
-13
12
-15
7
2
3
-2
8
-16
-10
15
-13
1
1
0
0
-15
-11
25
-5
1
-7
4
-3
-5
8
-9
-10
4
23
-5
-10
-1
-14
22
-10
-6
-19
-8
-11
0
10
2
1
-7
-1
18
-6
-5
14
7
-11
-3
1
2
7
14
-14
12
8
-4
-4
15
7
-7
-4
-2
0
-5
2
-1
14
-14
2
4
-6
7
-5
14
7
7
-5
-2
0
1
-2
3
-1
-6
2
-5
0
1
0
-3
2
6
1
-2
16
23
10
1
1
-6
5
-4
4
-4
6
1
2
11
7
11
11
10
8
11
15
8
3
0
1
10
7
1
8
11
4
8
13
6
7
13
16
9
0
3
13
0
8
12
3
-4
4
11
3
3
4
-3
-7
15
23
-21
-3
3
-1
-1
-5
3
-5
2
-3
11
-9
-18
-9
-9
15
2
9
3
-5
0
5
8
6
5
9
3
11
3
1
7
8
5
-1
5
5
-2
7
7
14
9
8
3
4
9
-10
2
-1
-2
4
21
-12
7
-1
12
3
2
3
-3
-7
12
-8
9
-2
-4
10
6
-7
-21
13
20
-8
11
5
6
3
2
1
7
-9
2
11
2
1
4
3
14
-4
-12
5
-8
14
-6
-32
3
1
9
-5
1
24
18
-20
-6
-3
5
5
-4
4
0
-3
8
1
1
4
6
6
2
-2
-2
8
-4
5
3
10
1
5
-2
4
-10
-1
-18
4
-3
6
-1
-7
17
-19
22
-1
-10
0
-9
7
-5
-3
6
-22
-22
0
-14
-13
2
-1
0
3
6
-1
0
4
-1
-3
7
7
3
3
-8
-11
4
-18
-5
1
29
-7
1
4
7
-15
-5
1
-5
-13
3
-7
4
0
-7
-6
-2
-11
9
10
9
-15
-10
-11
-12
-3
-10
-7
-17
1
-9
-5
-8
-3
-12
5
-13
1
-8
-8
-12
-24
-9
7
-19
-9
0
-8
-22
-2
-1
5
-19
4
-2
1
-12
-1
-18
-1
-2
-13
-9
-1
-21
-6
10
-2
20
10
-5
8
28
6
5
4
3
-8
10
9
-22
-9
0
-5
-2
9
-9
5
-19
16
3
-5
-5
16
3
5
-2
-4
21
1
2
10
3
14
-1
39
2
2
5
4
-12
4
18
7
2
9
0
13
17
-17
6
6
2
5
18
5
-5
-8
9
33
13
-16
4
3
-1
18
-3
-3
9
1
3
3
6
4
6
-19
11
5
11
5
0
7
3
8
-16
29
11
10
4
18
-8
16
2
9
-20
9
11
7
11
14
14
-6
-4
2
0
54
-9
14
26
-4
5
15
12
3
10
15
-2
15
3
-19
-7
4
-6
27
11
17
4
16
-8
20
6
9
15
5
7
21
6
1
1
18
9
6
-14
-2
12
4
8
14
-10
22
-21
30
2
-9
27
3
34
2
9
-17
0
-8
5
9
9
10
-9
8
3
8
39
-20
3
7
5
7
4
5
-19
6
5
-13
-4
-5
-7
-7
-4
-4
-5
5
-5
-3
-5
-10
-1
1
16
1
-1
0
-3
0
0
-2
-4
-3
2
-4
-5
-3
3
-3
-2
-2
-7
-6
-5
1
4
-1
5
2
-2
-4
1
-2
-8
-7
-7
1
0
-6
3
-5
1
0
1
18
2
5
1
3
-2
-2
-3
-5
16
2
-1
2
0
-1
-3
-3
-4
-3
14
5
4
-3
-6
-6
4
-7
0
-2
-8
10
-2
1
-4
0
-5
6
6
1
-2
-2
3
-1
-1
-1
-7
2
2
7
1
-10
-11
17
-1
0
-3
6
3
-3
1
-1
3
-2
4
11
2
-1
1
-7
8
-4
0
-2
-4
-3
12
10
4
1
2
-4
-1
-2
2
7
6
-10
9
-1
1
9
1
-3
-6
7
2
-4
11
-2
-3
-2
4
-4
-3
-4
-8
8
-5
-3
6
0
-3
3
-9
10
-5
-7
4
4
0
-1
1
-1
-4
10
-2
-4
-3
-3
-10
5
1
-11
-6
0
19
-3
-4
0
-7
-9
-2
-6
-8
8
-11
0
-21
-1
2
-4
24
-6
-3
-2
2
-14
10
2
2
4
13
-11
5
6
18
7
6
14
24
19
-17
-4
-17
-11
18
-16
-1
-4
6
-3
-12
3
-9
-1
18
9
-5
-7
5
5
5
-10
8
-1
-4
-1
4
14
-8
4
21
5
-10
-9
-6
-3
-3
-8
-8
-27
-18
-3
1
26
3
4
6
-3
4
-9
-3
-23
7
4
-2
7
-4
-9
2
11
3
-5
-1
-4
-10
10
5
-7
-5
-11
5
1
-2
12
10
6
-16
-1
1
-11
-2
-2
0
2
-7
-5
6
24
-26
5
14
20
3
-5
0
6
0
2
-1
3
0
-10
-4
32
-1
-21
2
7
2
-12
-13
-5
3
22
1
-4
12
0
-10
10
-10
-19
1
-12
0
9
-6
-13
3
-14
-3
-14
-12
-13
-13
-14
-9
-7
3
9
15
5
9
-6
-12
0
4
4
-18
-7
1
1
-12
0
-11
0
0
10
-15
-13
1
2
-6
3
-12
-1
-3
4
0
8
4
6
15
-11
45
-6
-4
-1
-4
-1
-3
1
0
5
2
-17
26
15
3
6
6
3
7
1
12
5
-4
2
-6
3
5
9
-1
4
1
1
9
5
-3
-7
-2
-19
0
5
27
26
6
-3
-2
-9
-4
8
3
3
-1
-1
-4
8
-4
0
-1
2
-4
2
2
-1
-2
0
2
5
-8
-5
-2
1
3
2
5
-8
6
-5
1
2
-3
0
-6
0
3
-1
14
2
0
0
3
-2
0
-10
6
-8
4
-16
-6
-18
1
8
13
-16
-4
6
-18
5
-4
5
-11
3
-17
-3
-7
8
-5
1
4
24
9
9
3
0
3
-1
5
2
8
-14
-7
4
-3
39
-9
1
0
-20
-8
-11
18
0
8
-11
0
0
18
6
2
-4
0
-4
-2
-21
-2
2
-7
6
-7
7
7
11
9
19
-13
1
3
-1
-6
6
27
-5
-14
0
1
4
-2
-2
1
-1
1
-1
0
-7
-6
0
-2
-4
26
-1
-6
0
0
2
-2
2
0
30
6
-6
12
-2
-11
2
24
2
-9
-8
24
6
2
6
1
9
11
-7
-12
3
-2
-2
-1
25
0
2
5
-2
7
9
6
1
0
3
6
-6
11
3
4
7
-5
-10
5
3
3
26
-3
2
-3
3
-4
12
12
27
6
1
5
0
-2
-4
-1
-1
18
23
13
10
1
7
-6
4
-1
3
-19
2
20
2
-1
6
3
8
-1
-3
-1
7
7
9
19
-2
14
15
16
5
8
10
6
2
9
10
10
9
5
12
-1
14
0
5
2
-1
6
3
0
13
14
2
18
23
7
7
-1
19
6
2
2
6
-12
4
27
-10
1
-3
5
7
17
7
17
7
12
-1
11
0
6
17
-2
5
9
35
13
9
5
0
4
3
0
2
23
3
3
12
18
6
-13
-3
4
9
-6
4
4
9
3
-7
8
7
12
5
4
5
16
3
2
-10
17
9
-10
5
24
-4
11
6
12
-2
13
6
6
31
28
13
8
-6
3
-2
0
3
30
8
5
2
8
7
8
15
7
13
2
-1
3
1
-1
4
-1
2
5
2
4
9
25
-5
-5
-9
0
9
12
-16