-7
8
15
26
17
20
15
12
15
5
12
16
-15
-17
-10
-21
25
20
41
10
0
6
-11
1
17
9
14
10
13
9
6
12
10
14
12
-7
3
11
10
18
16
-15
-10
-12
-5
3
-4
-14
7
-16
13
10
-14
6
4
18
12
12
8
-2
7
-9
-11
-20
-16
1
-13
-11
-19
-15
49
0
-1
0
-2
-7
-6
-6
-11
-6
-9
-14
-6
-2
-15
-1
-4
-4
-6
-3
1
-6
-6
-12
-5
-3
-6
-6
-4
-3
-4
-11
-1
-5
-5
-4
-6
-7
-4
-15
-5
-6
-1
-13
-9
-6
-5
-19
-8
0
-6
-4
-1
-9
-11
-6
-5
-5
-7
-9
-17
-7
-1
-3
0
-3
-4
-7
-7
6
-4
-1
-1
0
-3
0
4
2
-14
-2
-11
-4
-9
-4
-2
-7
2
-5
0
-2
-4
-22
-7
-7
-2
-4
-2
6
-1
-4
-4
-6
-3
-6
3
-9
-10
-7
-4
2
-1
-5
-5
0
-9
-5
-8
-6
-7
4
-5
-1
-6
4
-2
1
2
-3
1
-2
-2
6
11
5
-3
4
4
0
5
-1
-17
2
3
-5
-3
-3
4
-4
-4
-3
-12
-6
-9
2
-12
-3
-3
-3
-4
-3
-5
-1
1
0
-8
0
0
0
-12
1
-8
-3
-3
-4
-5
-7
-3
-15
-7
-1
-5
-1
3
-7
-5
-2
7
6
1
-5
12
13
-3
0
-8
-2
0
-4
1
1
1
3
-1
-4
-6
-15
-10
-9
-7
4
7
-5
-4
2
0
2
2
1
0
1
-3
5
-6
0
-3
-2
0
2
-6
0
-8
0
0
0
-5
-1
-1
-8
-11
-8
-3
4
4
2
-3
-5
-4
-1
-1
6
-9
-8
1
-8
5
2
0
2
0
-1
-5
0
-1
-1
0
-13
-3
-5
1
-6
-5
-6
0
11
3
1
-9
-2
-4
-8
4
-12
4
-6
-8
-5
3
-12
-10
-2
-7
-12
-13
-19
-4
8
6
-14
-6
8
-2
10
-3
-13
-2
-11
-5
-6
-3
2
6
-8
6
4
-1
-3
0
69
-1
-7
-12
-7
-19
-12
-7
-13
-8
1
-4
-4
-13
-4
-12
-8
-4
-10
-14
-5
6
25
-23
1
-3
-4
-6
0
-4
3
-8
-9
-4
-15
-12
-11
-7
-7
-14
-2
-4
-13
-12
7
-1
-8
-3
-10
1
7
1
6
3
3
7
8
6
2
7
3
2
2
5
-2
-2
-1
-12
0
3
2
-2
-8
-11
0
4
1
2
5
-5
5
7
10
10
4
10
1
6
-2
11
-7
6
0
-4
1
2
-3
0
-3
-3
-12
4
-12
-8
-5
0
-3
-17
-2
-17
-4
8
6
14
-6
6
6
7
13
7
-8
-8
-4
9
-21
2
-12
11
4
-2
-7
1
-1
-12
-1
-20
1
-9
-6
-11
-4
-26
9
-12
-13
-25
-13
5
-1
-22
5
-2
-21
-3
3
9
4
-10
7
-3
2
-2
-3
-6
-8
4
-3
-5
3
-4
-5
-12
-15
-14
1
5
-20
-18
-28
10
-13
-16
7
3
-10
-3
1
-5
-11
-6
3
-4
-10
-8
0
8
-5
5
-1
-4
8
-6
-15
3
8
9
4
0
-21
-8
-6
-6
-1
-4
-7
-5
-3
-4
-6
-3
-9
-3
-6
-4
5
5
5
8
6
-4
11
16
-1
6
-14
-14
-15
-4
-12
2
4
-3
-3
-1
-5
-3
-15
-2
-6
-2
-5
-7
-11
1
8
-14
5
7
-9
-5
5
-20
10
-24
-10
-14
-2
-13
-4
-10
-7
-15
-10
-16
-15
-7
-3
5
-9
-11
-11
-12
-2
-1
14
-5
-14
8
-10
-11
-11
-6
-8
-10
-17
-13
-12
-7
-12
-6
-15
-7
-10
-9
-7
-13
-1
-10
-11
-7
-11
-2
1
2
-18
9
-2
-3
-9
2
-11
0
1
-2
6
3
0
-2
-6
-4
-12
-17
-17
-8
-3
-12
-3
5
-1
-7
-2
0
-3
-5
-4
-2
-2
-7
-9
-1
-2
-12
-5
-2
-7
9
-5
-2
-3
-9
-9
-5
11
2
-8
-3
-4
5
6
5
-6
1
-14
-20
3
1
7
-1
-9
1
1
-15
-3
-7
-4
-4
-7
-4
4
-6
1
9
-13
-5
-18
-5
10
3
1
2
-4
-7
0
2
18
0
-12
-9
-11
9
1
-6
-5
-2
0
-14
-4
-4
2
8
-3
8
5
-4
-3
-5
-14
0
-12
-4
2
-7
-16
-4
-2
-10
-4
-7
7
3
-16
3
-1
2
-12
-2
-2
-6
2
-7
-9
-2
-9
-8
-2
8
-4
39
-10
8
-9
4
6
5
-4
-3
6
9
-2
-5
1
11
8
-6
0
5
14
16
23
-1
5
2
1
2
1
6
3
11
-10
5
4
14
5
-21
14
11
7
-10
-6
2
10
15
9
7
18
12
16
21
5
5
12
-12
17
15
11
18
9
-4
-4
-3
1
-5
-4
-12
-18
-18
-35
-17
-6
-6
1
-15
-8
-13
-16
-12
-25
-2
-15
-13
-13
-1
-24
-14
0
12
4
1
3
21
2
2
9
4
7
-8
-3
12
2
11
-3
-6
-3
-22
-10
-33
-22
-19
-39
-16
-22
-20
-25
-7
2
26
8
0
0
15
10
-15
23
13
-17
-5
7
3
2
1
7
-5
2
5
-12
-5
-7
14
-2
8
1
4
8
-6
2
5
-17
5
3
5
-2
8
4
9
0
0
14
1
-8
3
2
2
6
-9
13
2
-2
0
6
-1
1
-1
0
13
8
-2
3
-2
-2
2
2
7
4
11
-4
6
1
9
4
4
-3
7
15
1
4
-3
1
-4
14
8
3
8
10
-8
-6
-6
7
1
-2
-17
-1
1
8
-1
3
5
5
-10
-34
4
-10
-1
12
-3
-10
4
3
10
16
-1
3
2
2
-13
-6
-8
-7
-17
-14
-2
-19
-8
6
-7
1
-17
7
-25
-13
-16
-18
5
-8
-3
-28
2
-8
9
-8
2
2
4
-2
-7
-22
-24
-8
2
-1
-13
-13
9
-6
-3
-2
-14
-6
-6
-5
-5
-11
-2
-28
12
1
1
3
-22
-31
1
-4
8
-6
-23
-20
8
16
3
-3
4
-16
-16
5
-27
-2
10
-1
-27
-4
1
7
-21
4
16
15
5
6
0
-20
0
-1
-23
-2
-2
-23
-7
6
-3
-14
-3
-22
-8
14
8
-4
-18
10
6
-15
-3
2
2
-18
3
-8
-6
-23
-7
-1
1
27
5
-2
-17
10
-15
8
0
1
-13
5
13
13
9
9
9
21
-14
17
19
10
13
3
1
4
1
-14
4
2
-18
-3
-4
0
14
9
-19
-31
22
-6
-6
0
-3
-19
10
6
2
6
9
2
18
15
10
-6
8
1
1
-9
-12
21
9
-2
23
6
12
16
11
-15
1
15
16
-2
19
-25
19
4
-4
-17
24
3
-2
-15
4
12
25
23
0
-10
2
-8
18
15
3
-16
-7
6
3
-13
-12
9
-10
-18
16
19
14
4
5
21
7
3
-16
2
-7
11
11
9
-11
5
10
-2
11
6
-26
0
5
-5
-6
-26
4
17
15
3
-17
3
12
-5
2
5
3
8
10
6
2
3
-5
6
2
-4
-5
1
-9
0
3
-7
-7
22
8
5
4
-19
11
4
-1
-7
-7
-22
26
24
0
5
-4
-1
-4
11
-3
3
21
13
-21
-13
-2
0
1
-4
5
3
20
26
9
33
0
30
43
5
28
11
35
30
15
17
4
37
2
-7
11
-4
10
9
10
0
13
28
6
17
10
10
1
1
7
-11
1
2
7
3
9
-1
2
-1
7
6
8
4
5
4
5
3
9
5
1
3
7
9
4
5
7
8
-2
6
6
5
7
-6
4
-9
5
5
1
3
3
5
-5
6
6
2
4
6
-1
2
-3
12
0
6
6
4
9
7
-1
8
4
6
7
6
8
3
10
9
11
11
12
2
8
10
-26
8
12
0
-9
26
17
-21
-5
-2
7
4
6
3
4
-1
4
5
2
7
1
-2
6
5
5
2
8
8
5
5
12
-1
5
8
7
7
-19
7
-6
12
5
4
0
9
2
0
3
4
-10
6
1
-11
-7
-4
6
-1
-1
-6
0
0
-4
3
-8
19
35
-1
3
-12
11
0
2
-1
-1
12
5
2
2
7
8
6
10
9
5
-1
-5
6
-29
-6
-1
-2
-13
-11
1
3
-5
11
-1
-8
9
-1
-2
4
-9
-1
-6
-5
11
8
2
17
6
3
8
0
7
1
9
5
-4
7
7
2
5
4
4
4
-1
5
-7
-5
4
6
0
-1
6
14
0
-3
6
4
6
9
9
3
9
9
8
10
8
3
-3
11
2
6
-13
-8
-6
6
-5
-7
12
3
-2
5
-3
5
9
4
8
9
9
8
33
24
29
-5
-14
0
4
14
-18
6
20
-4
19
-3
4
14
12
-12
6
7
0
7
9
-18
-15
6
27
23
-9
20
8
-3
4
-5
4
-4
0
14
14
10
-20
-7
-7
-1
-4
21
13
30
-9
2
31
4
-4
-25
47
5
0
3
3
-2
-3
9
-2
7
6
20
19
-5
14
-6
16
1
6
9
2
-2
7
10
22
6
24
-14
2
3
18
18
-13
14
8
5
2
-3
-22
11
10
14
23
7
7
4
22
17
8
-1
16
-20
-5
-1
23
-4
9
8
-9
6
13
6
-8
5
0
1
-4
9
7
7
6
28
-17
11
-20
0
7
5
7
12
4
13
15
1
19
4
10
11
5
-23
-8
18
5
17
1
29
9
6
24
7
-2
6
-8
-5
3
11
4
7
1
2
20
-14
8
0
1
1
-7
8
1
-4
0
-5
-4
2
-1
-2
-2
1
0
2
-1
-5
16
-5
-2
2
-2
-8
12
2
3
-7
-5
-1
1
-2
-2
-6
2
-1
-7
0
1
1
-3
-4
2
5
4
2
-3
11
-5
5
-1
-2
26
0
-2
2
-4
-1
2
-5
8
4
-4
2
-2
-1
-6
2
4
5
3
0
-2
-24
10
13
3
3
1
-3
16
-1
-5
-2
5
3
2
4
-2
16
-1
-1
1
0
9
-1
3
2
1
0
11
1
1
-7
-4
7
0
-2
0
-1
22
-4
8
2
-9
24
-4
10
6
18
5
-7
17
10
2
11
-2
5
-12
-10
0
-10
17
-15
-9
2
0
6
-5
-3
5
12
-3
5
-19
-2
-7
2
14
16
7
20
-19
8
3
-6
-10
4
3
20
7
-5
14
8
-8
-3
8
4
-2
-2
5
5
-4
10
7
-5
2
2
-5
17
12
4
-9
-9
-4
-6
16
-3
10
17
5
54
4
6
1
-16
15
3
6
17
7
18
20
8
-9
26
11
-2
3
2
-2
5
-1
4
-8
-8
-5
18
5
14
2
2
0
-9
-5
-7
-22
18
5
4
-6
25
9
-5
-8
-4
-4
-3
5
8
-1
5
27
1
0
5
2
1
26
-1
-3
-7
6
5
14
12
14
20
8
22
12
22
27
18
4
7
39
1
-1
0
-1
6
-23
29
4
9
3
0
-16
33
16
2
-1
-4
-7
5
-4
-4
-4
15
-22
-5
2
17
9
21
-6
17
2
28
-4
21
25
-7
7
7
5
30
-19
6
6
29
-12
5
-4
30
-7
-1
10
7
13
14
3
-4
-6
21
0
14
16
8
-5
-6
24
-6
3
32
41
16
6
4
5
8
0
3
23
14
17
14
23
3
9
29
-2
-8
-3
2
5
8
4
19
-1
5
13
2
8
-7
18
17
21
5
-2
0
34
-24
44
24
6
5
4
20
-6
9
4
31
12
13
13
12
7
14
1
6
10
12
4
8
41
1
14
-17
2
7
3