-8
-14
-17
-15
-10
-15
-14
-15
-8
12
-7
-11
-16
-14
-16
-13
-19
-12
-14
-11
-10
-12
-14
-12
-17
-14
-17
-14
-19
-21
-15
-11
-22
-9
-2
-11
-8
-15
-7
-20
-11
-21
-8
-30
-18
-9
-22
-15
-13
-24
-15
-16
-18
-16
-17
-16
-15
-13
-14
-13
-13
-10
-7
-3
-28
-12
-9
-21
-15
-11
-21
-22
-18
30
30
-4
-14
-2
-5
-21
-6
-5
-5
-4
-7
-10
-5
-14
-5
-18
-19
17
-16
-19
-24
-9
-13
-8
-14
-12
-40
-12
-12
0
-12
-15
-10
-9
-11
-12
-16
-6
-14
-11
-17
2
-10
-15
-10
-11
-11
-3
-15
-13
2
-3
-3
-17
-1
-5
-30
0
-2
2
-11
-3
2
3
-6
-13
-5
-11
4
-5
-9
9
-8
-12
-3
-6
-14
-20
-14
-9
-10
10
-9
-3
-22
-10
-27
-9
-39
-8
-9
-7
13
-11
-3
-3
-16
0
-10
-23
-14
-17
-6
15
-2
-7
-1
-9
-8
-15
5
0
7
-7
-8
-11
-24
-7
-5
10
-36
-9
-8
-10
3
-16
4
-9
-25
-12
-13
-26
-7
-9
-24
1
-4
-11
-4
-5
6
0
2
8
11
7
8
7
19
9
13
2
7
11
-21
2
11
-3
8
9
1
-16
6
9
-6
17
11
-16
6
8
10
-21
8
-17
-1
-13
-1
3
17
19
4
16
10
12
20
15
12
10
20
5
15
-18
-5
-24
19
22
20
27
7
23
-14
12
11
15
26
20
10
16
21
-5
-2
17
24
-15
23
9
17
18
20
-25
21
22
-7
-16
14
1
21
24
20
7
-26
23
24
20
-18
20
-24
20
8
33
10
-2
1
5
22
19
6
10
20
8
7
5
-2
8
-1
-8
3
4
-3
27
20
1
-14
-33
-31
1
1
4
4
-1
-9
11
14
9
5
5
7
7
-1
13
14
15
-2
8
14
10
-16
8
9
-2
13
-8
7
20
-21
15
12
-9
7
10
11
-21
8
-7
32
10
-1
7
7
8
0
0
-24
8
-14
14
21
-1
6
-3
-27
16
8
1
-17
5
1
-2
11
1
1
1
-9
4
-1
3
-3
-24
1
-8
11
1
17
10
17
17
-21
10
6
-22
4
8
10
2
-15
11
-21
3
3
8
-7
-8
4
5
5
4
11
17
12
-19
12
-31
-28
30
14
-17
29
-19
21
14
-22
6
20
2
11
13
12
12
3
20
-20
10
4
1
18
25
12
15
1
-9
5
4
13
12
14
12
12
12
10
10
14
11
9
4
9
9
5
9
6
5
2
6
3
-5
-3
-3
6
8
-23
5
5
26
3
8
8
7
4
-3
3
-1
6
8
10
6
9
11
3
2
3
-2
5
0
2
3
3
12
7
9
8
-29
19
8
6
7
10
8
2
7
-3
6
15
10
4
-5
10
5
5
6
0
11
10
5
4
0
4
6
3
2
3
0
11
4
-9
4
-1
-5
3
-11
16
-11
10
6
3
8
-4
2
-4
4
0
3
-7
2
2
-8
-14
-1
3
-4
7
-2
-7
-8
-8
16
6
3
13
0
1
-11
-1
10
12
13
15
6
6
-7
13
2
8
-6
-12
17
2
-6
0
4
-7
-11
-7
7
-7
-2
2
5
7
10
17
-1
9
8
11
10
-3
7
-5
-5
13
-15
6
1
-8
2
10
-12
-2
-7
4
-4
-7
2
-8
4
11
6
3
11
7
7
8
6
-1
10
14
9
2
4
4
6
-4
-5
4
-9
8
-2
-9
1
-5
0
-6
9
17
1
4
5
9
6
9
4
0
-1
4
11
-3
4
6
9
11
6
-1
8
-1
3
17
-20
2
-3
-6
-24
-2
10
-2
7
5
8
5
12
5
1
-8
-5
-3
-7
0
-8
2
-3
-6
-6
-6
16
-7
-2
10
-3
2
3
12
9
7
17
4
6
-2
6
9
9
-14
8
-1
6
6
5
5
2
3
3
1
7
10
6
4
3
6
6
6
-8
3
-1
3
7
7
7
7
2
7
9
7
8
10
6
11
9
5
8
10
8
4
6
7
8
-26
12
4
6
-1
-13
6
8
-2
-2
-7
7
3
3
-2
2
2
6
-1
-6
-4
4
-2
-17
5
-6
5
11
-9
7
5
-16
2
-5
-1
-5
-19
-3
5
3
-8
-2
-4
3
3
6
9
-2
5
5
-1
4
-1
-3
0
-11
2
-1
1
-1
2
-5
5
2
-4
6
0
4
-1
12
-1
-5
5
-1
3
-12
-10
-10
12
-2
0
4
5
8
8
8
-2
9
2
-5
2
7
11
8
1
16
3
0
2
8
4
-1
7
10
7
1
10
8
6
5
2
7
4
7
5
7
2
-1
-3
6
5
3
5