-13
-28
-13
-19
-17
-16
-13
-16
-20
-10
-15
-14
-11
-5
-7
-13
-13
-15
-15
-16
-17
-13
-10
-14
-11
-12
-19
-25
-24
-17
-13
-11
-13
-10
-15
-13
-16
-18
-19
-16
-15
-16
-16
-16
-15
-3
3
-12
-16
-17
-20
-15
-15
-14
-14
-10
-11
-9
-8
-9
-10
-33
-11
-14
-14
-14
-12
-13
-1
-6
-19
2
-9
-12
-17
-14
-12
-8
-8
-16
-15
-12
-13
-11
-13
-12
-21
-15
-10
-13
-15
-16
-16
-19
-12
-12
-8
-15
-14
-12
-12
-33
-14
-25
-5
-9
-28
-11
-30
-15
-18
-17
-17
-17
-17
-8
-9
3
-14
-16
-14
-12
-12
-10
-15
-15
-11
-15
-9
-6
-16
-16
-10
-17
-17
-21
-16
-13
-9
-18
-16
-17
-22
-20
-18
-20
-22
-28
-18
-14
-14
-14
-14
-14
-11
-11
-14
-19
-15
-12
-12
-9
-27
13
-11
-4
-10
-12
-18
-20
-12
-16
-17
-20
-17
-15
-18
-23
-16
-20
-11
-6
-7
-14
-11
-13
-7
-11
-27
-15
-16
-22
-2
-16
-10
-7
-17
-11
-12
-4
-7
-7
-4
4
-16
4
-19
-8
-13
-9
-10
-19
-9
-23
-27
-18
-29
-23
-33
-8
-2
-28
-18
-12
-10
-10
-17
-16
-14
-13
-12
2
-2
-9
-13
-10
-16
-11
-17
-17
-11
-20
-32
-13
-9
-10
-11
-21
-16
-14
-19
-11
-15
-18
-16
-4
-4
-4
-4
-7
-3
-7
2
0
1
-8
-8
1
-7
-9
-11
-9
-12
-5
-10
-6
-12
-10
6
-10
-11
-8
-14
-18
-33
-10
-6
-11
-13
-13
-13
-6
-42
-10
13
-13
-11
-27
-6
-15
-15
-24
-11
-4
-7
-7
-34
-14
-12
-7
-8
-10
-26
-14
-3
-10
-1
-11
2
-19
-12
-18
-12
-14
-15
-15
-5
-11
-11
-3
-8
-2
-9
-16
-23
-10
-12
-6
3
-9
-9
3
8
6
3
11
5
8
11
9
1
5
-3
12
3
0
-2
-16
0
6
17
0
8
29
4
15
0
-9
13
-1
29
1
8
6
-2
11
-16
3
2
2
6
-6
21
11
7
7
10
50
4
11
5
28
21
19
8
7
19
11
15
19
12
7
3
-4
6
5
20
13
5
16
14
4
2
21
-11
12
23
11
1
6
1
9
9
4
8
10
15
14
-12
17
12
15
7
14
4
12
7
12
13
15
-2
1
23
9
25
8
18
19
21
11
-5
9
9
19
20
28
12
18
12
16
-27
21
19
13
3
16
13
-23
27
1
14
8
11
-2
10
16
-2
12
5
3
-3
13
11
9
8
16
3
19
14
-4
4
2
-1
-9
10
21
22
16
10
11
-24
-1
-1
-10
-14
3
-10
-6
-3
-2
6
1
10
-5
2
-6
-2
25
5
11
30
11
-36
-16
-1
-6
-12
-5
-1
1
-5
13
11
17
6
7
2
4
14
-16
23
0
9
10
8
11
6
10
10
-4
15
41
7
-21
12
7
12
-3
6
4
5
13
9
11
20
-20
15
9
19
9
6
5
13
5
12
1
4
25
6
11
-3
2
2
7
5
1
-6
4
3
9
9
14
8
17
20
6
-7
-7
12
0
0
11
2
9
-8
-17
1
-11
2
1
0
-4
-7
1
2
2
-9
-18
-7
17
-4
5
3
14
-15
18
12
7
5
4
8
2
-19
12
5
2
0
1
11
-8
-1
1
-12
-10
20
27
8
7
-24
25
7
14
21
22
14
16
14
4
12
14
5
-18
4
19
20
13
4
8
11
7
4
13
15
0
0
2
3
-21
9
3
32
-1
5
4
-7
-9
15
-1
10
9
11
15
13
1
7
6
9
17
10
6
6
10
-15
-2
-9
17
-1
-16
1
14
8
7
3
9
11
8
13
8
9
5
2
-1
0
0
-3
-8
2
7
7
11
-6
-2
-14
-6
-1
-4
-13
-10
-1
4
10
7
0
-2
-9
-24
-8
9
-7
-14
-10
-1
2
-11
-3
-3
-11
2
5
3
11
3
8
1
12
7
12
1
-1
2
-10
0
-6
-12
-5
-19
-11
-6
-13
-1
-16
-9
7
-6
-4
-4
10
5
13
1
7
7
16
-3
5
-11
-9
-1
-20
-17
-6
-16
12
3
11
-1
-16
-5
-1
-3
10
-6
10
2
10
-6
8
11
2
12
-16
-12
-7
18
-10
8
7
-2
0
-12
4
-7
4
-4
3
6
8
4
3
10
2
4
3
4
7
1
3
2
6
4
6
4
3
4
7
9
8
6
3
7
-4
1
5
5
6
5
7
4
6
7
5
2
0
4
1
5
3
6
5
8
5
8
7
6
5
5
5
-1
7
6
1
13
-6
5
10
6
8
5
2
11
8
1
8
6
5
11
9
5
3
9
7
9
8
6
10
4
6
8
5
7
-14
8
6
4
6
6
8
9
0
-3
0
-5
-3
-1
-16
5
5
-11
-2
-5
-8
-7
-5
-7
-1
-21
-9
-9
-2
4
4
-11
-6
17
6
5
10
2
2
13
5
-8
-28
7
2
-17
9
5
4
-22
-4
-23
-9
-12
-3
-15
-6
-4
-10
-6
-4
8
9
-5
1
-10
7
20
-5
-3
1
3
7
6
4
4
12
10
13
7
5
8
3
4
3
11
0
3
1
9
4
10
5
7
9
8
6
2
13
1
25
4
36