18
-11
-5
14
-1
-8
1
-13
3
17
35
-3
6
-9
-12
2
17
-8
-2
-11
11
4
9
-1
14
18
3
4
4
2
1
7
19
10
11
-3
6
-3
-3
19
-3
4
1
11
14
8
12
5
5
15
8
25
-3
21
-4
23
4
2
28
27
19
11
7
13
13
8
-2
-12
16
7
12
-1
-10
10
6
10
23
12
0
3
-2
12
4
15
16
12
8
8
23
13
13
10
16
13
0
9
4
31
8
7
7
11
2
-3
9
0
1
4
-4
-2
15
5
10
4
3
3
10
15
19
9
13
-2
7
-6
4
5
-6
1
11
20
-8
7
-1
-3
5
4
1
8
3
8
-1
4
12
0
12
4
7
2
11
12
12
21
3
4
0
-4
-1
-7
-6
8
14
-3
6
-6
2
-8
15
-8
7
2
-4
8
0
10
-5
20
0
-1
-3
4
-11
14
-6
-3
9
3
12
-3
9
3
9
16
-10
7
-11
15
9
-15
4
2
-12
-11
2
-12
-1
-2
7
1
-6
11
-5
-3
-5
-3
0
0
21
1
15
-1
-1
10
-2
8
11
1
-10
5
-4
4
11
2
7
9
-12
2
2
5
3
-2
3
6
5
-5
-1
-2
-2
8
1
-3
4
7
1
9
15
2
4
3
5
7
9
4
0
8
10
4
6
5
2
-5
5
6
0
6
8
3
2
-3
8
15
10
3
9
5
-2
3
6
6
0
12
1
1
0
-4
5
18
1
12
8
-2
0
37
45
52
52
52
52
-24
-6
8
-6
-2
-11
21
13
1
12
16
17
-5
21
18
5
8
2
-1
26
9
1
12
5
0
7
-4
0
10
-2
-5
10
-7
0
15
9
7
-5
-6
-5
2
21
16
13
11
-1
7
-3
9
7
4
1
7
-11
-3
-2
3
-16
13
17
1
15
25
14
18
19
16
13
2
26
5
6
10
2
1
14
-4
4
20
9
37
-12
0
9
1
-5
13
14
9
8
16
4
17
19
21
-8
12
10
-6
2
11
-10
-3
27
16
24
19
17
4
24
2
14
12
-9
8
22
5
-12
-4
15
7
2
6
-7
-2
23
13
13
31
0
8
16
10
7
1
1
23
13
5
-6
13
6
-12
12
-4
2
23
8
14
19
4
34
-10
18
9
11
13
24
2
11
24
6
24
6
6
13
-6
0
17
4
-2
5
7
-10
-5
28
21
29
1
16
-4
-2
13
9
-5
-9
2
-2
-6
14
-1
-10
4
10
4
-5
10
2
-14
-3
21
11
-1
3
1
-11
12
-2
17
9
3
4
14
8
7
6
-14
-3
16
-3
-6
3
-12
11
14
-3
10
20
23
10
3
14
11
5
5
32
2
1
-21
23
13
-1
21
14
-5
-5
20
12
-6
17
11
7
28
17
11
16
7
16
-26
9
-7
7
3
2
20
16
1
5
13
7
-2
18
3
4
21
9
18
11
10
19
36
13
33
4
12
3
3
15
6
24
9
21
6
11
7
3
-12
13
4
13
6
0
-7
13
4
10
25
3
27
17
-9
20
-1
15
3
-12
8
-7
8
8
0
8
11
-2
6
0
16
-2
0
23
-7
-10
5
11
7
-9
-5
18
-1
-3
9
-10
4
27
18
15
6
4
-3
7
0
-9
11
8
-1
-1
14
3
3
25
7
-1
6
12
-12
4
2
-2
0
30
19
14
8
-6
15
9
36
-7
32
33
-9
10
2
6
19
6
5
23
5
-6
6
3
15
6
19
-32
-26
-4
29
-13
3
-3
-7
14
6
18
23
0
0
28
17
15
-5
19
-6
-8
15
9
18
20
21
5
13
6
-21
-19
-14
-11
-8
-8
-11
-10
-18
-15
-3
-19
-11
-13
-11
-14
-19
-15
-13
-11
-15
-14
-12
-16
-18
-18
-18
-14
-12
1
-15
2
-7
-20
-22
-10
-11
0
-10
-19
-10
-10
-16
-2
-15
-7
-10
-7
-3
-12
3
-10
-14
-12
0
-16
-14
-21
-9
-13
-9
-15
-12
-15
-14
-28
-26
-15
-9
-9
-7
-4
-19
-14
-16
-20
-18
-10
-10
-10
-17
-17
-7
-4
-7
-7
-12
-5
-14
-17
-21
-15
-15
-13
-8
-8
-8
-12
-7
-12
-17
-8
-7
-3
-8
-15
-18
-16
-12
-15
-21
-1
-20
-15
-5
-16
-13
-21
-5
-23
-16
-13
-16
-12
-14
-19
0
-5
-18
-13
-12
-10
-12
5
-13
-20
-10
-15
-25
-19
-9
-27
-25
-25
-22
-21
-12
-11
-18
-17
-17
-16
-10
-12
-12
-16
-13
-10
-8
-14
-10
-13
0
-10
-9
-16
-5
-19
-6
-11
0
-24
-21
-18
-21
-29
-22
5
-13
8
-30
-27
7
-35
-29
-20
-3
-7
-19
-19
-13
31
-14
-12
-5
-22
-20
-20
-4
-18
10
-23
-20
-13
-20
20
-23
-30
2
-13
-22
-13
-25
2
-7
-14
-11
2
-20
-25
-28
-31
0
-16
-12
-23
-18
-20
-15
-29
-22
-10
-8
-10
-3
-2
-6
-9
-7
-8
-3
-7
-12
-9
-12
-6
-3
-9
-1
-15
-8
-14
9
-8
8
-11
-14
9
-10
-2
-6
7
-3
-2
-11
-17
-14
-13
-8
-8
5
-16
-15
13
-15
-15
3
-10
-8
-2
8
-1
3
-3
-18
-8
-3
-2
-6
6
-3
-2
-2
-2
-17
-5
-13
-6
2
-14
-5
-15
-9
-13
5
-22
-17
-10
-3
-6
-15
-10
-11
13
-1
-7
12
4
-12
6
-10
10
6
7
11
-1
4
-3
6
10
7
-15
-1
-12
-2
2
-2
-3
8
-5
-2
-8
-14
-19
7
-7
-14
-4
-12
-9
-17
-13
-10
-17
-16
2
-1
-13
-8
-13
-20
-2
-13
-19
-21
-3
-26
-17
2
-9
-9
-9
-9
-7
-7
-7
-7
-7
-7
-7
-7
-15
-15
-15
-15
-15
-15
-15
-15
21
21
21
21
21
-13
-6
-8
-12
-11
-5
-10
-10
-13
-8
-12
-7
-12
-9
-8
-18
-9
-15
-4
-3
-3
-3
-2
-11
-10
-16
-7
-6
-13
-11
-4
-6
-9
-9
-10
-1
-10
-12
8
3
-11
-9
-11
-10
-7
-4
-11
-8
-16
-10
-7
-20
-15
-12
-8
-12
8
-6
-1
-12
-14
-12
-1
-12
-8
-9
-5
-11
2
-9
-4
-9
-13
1
-9
-12
-9
-8
1
1
-8
-6
-5
-3
-11
-12
-3
-5
-11
-7
-5
-6
-8
1
-6
-5
-2
-11
-5
-12
-5
-14
-11
-2
-15
-5
-10
-10
-9
-10
-8
-8
-7
-8
-14
-8
-14
0
-14
-4
-13
-4
-2
1
-9
-3
-9
-11
-8
-13
-8
-10
-18
3
-12
-16
-2
-2
-13
-11
-12
3
-2
-4
-2
-1
7
-18
-7
-5
4
-9
-5
-10
-10
-1
-2
6
5
-9
12
-8
-8
-2
-5
-8
-2
6
-6
-4
-8
-11
-6
4
-5
-12
-6
-2
0
-18
-6
-1
-6
-1
-12
-2
-6
-4
-2
-5
5
-10
-4
-24
-19
-5
-10
7
-21
-5
-10
-6
-2
-5
5
-7
-1
-6
-5
-14
-14
-6
-7
-23
-8
-6
-11
-3
-4
-19
-3
-8
5
-3
1
-8
10
-7
-15
2
-6
-6
-5
-5
3
-8
0
-1
-14
2
1
5
0
2
-9
-7
-10
-10
-4
6
-9
1
-8
-1
6
4
-5
-3
-12
3
-8
-3
-11
-2
-13
-3
-12
-3
-9
-5
5
3
-2
-8
-5
-9
-3
-6
-5
-6
-3
-10
-7
0
-11
-26
9
1
-9
-19
-19
-7
-3
2
-6
-5
0
-13
-8
0
-3
-3
13
8
-2
-4
-7
1
-3
-4
-2
1
-9
-14
-7
-6
-3
-7
-7
-5
-5
-12
-3
-9
-8
-9
-5
-5
-9
-13
-7
-4
5
-14
-9
-8
-5
-4
3
-10
1
-16
1
-7
13
-2
-8
-1
-1
-10
-5
-4
-9
4
-11
-8
-5
-5
8
-7
-5
-3
-6
-10
-19
-7
-12
-21
-15
-11
-13
-4
-10
-9
-9
-3
-2
-1
-8
-4
1
-5
-2
-7
-12
-8
-12
-11
-5
-12
-9
-1
-4
-1
-21
-12
-10
-12
-8
10
-9
-7
-2
-7
-14
-11
-4
0
-8
-10
4
-13
-5
-10
-8
-6
-7
-4
-5
-2
-2
-4
-9
-8
-9
-12
-7
4
-6
-5
-14
2
-7
-6
-11
-1
-7
-10
-10
-18
1
-14
-3
-8
-5
-7
-6
-11
-10
-14
-5
-10
-8
-7
-5
-9
-27
-5
-10
-9
-13
-12
-6
-15
-10
-8
-6
-10
-12
-12
-11
-4
-7
-11
-4
-10
0
-9
-4
5
-4
-16
-8
-1
-11
-2
-11
-8
-14
-13
-4
-6
-15
-6
-8
-7
-7
-4
-5
-11
-15
-9
-11
-6
-11
-4
-4
-11
-15
2
-2
-13
-1
-10
-4
-3
-3
-15
-3
-12
-9
1
-3
-5
-19
-5
-3
-6
-14
-9
-12
-6
-13
-12
-11
-13
-16
-12
-14
-2
-7
-16
3
-4
-14
-14
-2
-2
-7
-7
-4
-3
-9
-3
-5
-7
-11
-9
1
-2
-5
-4
-4
-5
-3
-18
1
-2
-8
-3
-5
-5
-9
-3
-10
-4
-10
-4
-10
-17
-13
-8
-16
-13
-1
-4
-20
-12
3
-2
-8
-11
-4
-7
-8
-14
-5
-13
-12
-16
-4
-7
-11
-9
-1
-4
-9
-10
-18
-8
-10
-2
-14
-5
-14
-7
-6
-5
0
-7
-7
-7
-2
-12
-8
-8
0
-17
-2
-10
-9
-4
0
-17
-5
-5
-18
-2
-9
-4
-12
-6
-13
-8
-1
-14
-5
-16
-5
-3
-8
-4
-6
-9
-4
-4
-18
-9
-11
-7
-8
-9
-4
-16
1
0
-5
-12
-6
-7
-8
-22
-3
-14
-4
-20
-11
-16
0
-1
-11
-9
-8
-9
-7
-12
-6
-12
-3
-9
-6
-17
-4
-20
-1
-9
-10
-9
5
-3
-4
-2
-2
-10
0
1
-15
-4
-18
-5
-20
-3
-11
4
-11
-2
-17
-7
-8
-5
-13
1
-4
-1
-1
-17
-6
-4
3
-16
-1
-10
-1
-7
-7
-10
2
-10
-2
-10
-11
-6
-11
-3
-9
-2
-14
-15
-5
-14
-9
-8
2
-2
-3
-5
-11
-4
-8
-5
-1
-11
-11
-8
-13
-7
-3
3
-7
-14
-8
-6
-6
-4
0
-17
-10
-7
0
-9
-3
-6
-6
-10
-2
-9
-12
-8
-10
-1
-5
-4
-7
-1
-15
-2
-1
-11
-4
-7
-2
1
-8
-12
5
-2
-3
-10
-13
-7
-11
-13
-4
-6
-6
-2
-7
-9
-3
-5
-8
-8
-11
-3
-2
-13
-7
-10
-5
-8
-10
-5
-5
-4
-3
-3
-3
-6
-6
-8
-7
-8
-6
-5
-10
-5
-7
-5
-2
-16
-6
-4
-11
-5
0
-12
-12
0
-5
-11
-17
-5
-9
-4
-10
-4
-10
-10
-8
-16
-5
-11
-5
-10
-15
-5
-19
-4
-6
-5
-3
-8
-7
-14
-3
-3
-5
-6
-6
-6
-6
-10
-10
-9
-4
-7
0
-11
-8
-8
-11
-8
-8
-6
-7
-10
-13
-3
-15
-11
-16
-16
-16
-8
-11
-14
-11
-13
-10