12
-7
5
8
13
9
1
6
-1
6
5
11
2
21
4
9
2
-8
0
-7
3
8
6
19
0
11
1
-4
7
7
6
9
5
3
-8
-1
11
4
2
-3
-1
1
-5
-4
4
-4
-4
-5
7
4
-3
-3
-5
2
0
3
15
12
8
5
14
13
1
15
-3
8
5
-3
10
-14
8
4
10
4
8
5
-10
-3
10
3
5
-7
1
4
4
12
9
4
10
2
-1
8
3
6
52
1
-1
-3
-7
-2
6
3
11
4
16
-5
-3
-9
12
2
-3
7
6
15
4
12
-2
15
13
-5
-12
17
28
21
-7
28
5
-3
-2
15
5
9
8
13
2
35
12
11
11
1
14
-3
30
17
4
1
0
-3
10
29
16
4
19
-9
11
12
13
14
12
-8
22
2
20
-19
22
13
40
12
3
3
3
20
-8
25
17
-1
14
12
24
8
16
18
-3
-1
12
-3
24
8
-3
14
2
0
31
5
1
7
5
20
7
12
15
11
19
-3
-5
7
6
11
-6
13
26
7
26
19
-12
-2
14
28
0
20
25
19
19
-7
20
9
27
11
21
33
9
-8
20
5
17
-4
24
-13
24
1
11
30
-1
11
2
10
11
29
10
19
20
8
1
16
5
0
12
16
23
8
36
2
-8
18
22
23
12
-7
41
-3
6
25
3
-2
5
20
13
18
6
10
28
2
15
2
19
15
14
-4
23
38
-25
21
36
12
49
0
6
-4
22
14
21
-6
29
29
29
78
78
78
78
78
78
78
78
78
-9
-12
-2
-12
1
5
-14
-1
0
-5
0
3
2
-7
9
1
-18
-20
-13
-1
-1
-2
-12
5
-2
1
-1
4
-1
5
1
5
-11
1
-8
-15
5
-7
-10
1
1
1
1
-8
-6
-1
-2
-1
-2
-1
-1
-2
-1
-2
-1
-1
0
-13
-28
-2
6
-7
-7
-1
-11
3
-12
-5
-20
3
-17
6
6
5
-1
-2
-3
-4
-2
-3
-6
-16
8
1
-2
-1
-5
-16
4
-8
7
-3
-14
0
-2
-2
7
4
-5
-1
-9
-4
-6
-3
-7
-16
-4
-16
-5
-12
-19
-2
-9
-6
-5
-6
3
3
-4
5
4
-3
-17
3
-10
-3
-8
-6
-4
1
7
0
-4
-16
3
-5
-5
-5
1
-8
4
-1
-8
-1
-3
-4
-4
-4
-4
3
-15
-12
-13
-4
-15
-18
-22
-12
-1
-10
-19
-25
-27
-19
-22
-13
-24
-20
-26
-18
-19
-18
-22
-9
-4
-15
-5
-9
-18
-9
-16
-7
-10
-11
-15
6
9
13
9
13
-27
-30
27
-8
38
36
20
46
36
45
17
36
44
23
54
22
35
18
32
26
8
37
37
17
31
29
29
23
26
32
19
19
8
30
-6
13
4
4
1
4
5
6
5
0
3
2
3
3
4
1
1
1
-13
2
3
-5
-7
9
6
10
-11
-5
-16
2
8
4
-13
-18
-15
9
-17
7
2
-13
-18
1
7
-4
10
12
7
-21
6
12
-3
1
-3
-19
-4
-17
-17
-8
-14
-10
2
-12
-10
-6
-6
-17
-14
-17
-5
-9
-13
-21
-19
-3
-20
-2
-6
-13
-5
-13
-5
-14
-11
-2
-17
-12
-19
-5
-19
-17
-7
-10
-14
-2
-16
-1
-9
-10
-4
8
1
-4
11
2
-18
-12
-15
-16
-18
0
-2
2
-11
-4
-9
-9
-2
2
2
2
2
6
-16
-16
9
-15
-21
-1
-19
-2
-7
1
-2
0
9
9
0
4
2
1
6
-3
1
-3
4
-4
0
-10
1
3
8
0
2
-7
-3
1
11
14
0
5
-6
13
-3
11
4
13
3
-1
-7
13
9
0
9
-1
7
12
-1
2
-4
0
4
-9
1
-2
-6
-6
-5
-5
-8
-2
-3
-5
10
10
0
6
6
7
3
0
14
4
10
-3
-6
-5
1
-2
2
-2
8
0
9
-6
3
3
6
-5
6
1
-3
-1
-12
-1
-7
-2
4
7
9
7
2
21
0
3
-2
1
7
2
-6
-3
-19
8
14
1
3
0
-9
2
9
2
16
4
-3
-8
8
-3
13
1
5
8
-1
11
15
11
-20
1
7
4
-4
11
4
2
-12
6
-6
-12
-14
-1
-1
10
6
1
12
13
-7
2
5
-7
4
0
4
4
9
-3
14
9
-6
9
5
9
3
0
14
9
1
3
1
16
8
8
10
7
7
-11
0
2
4
23
0
10
2
7
-6
12
12
-6
-11
6
-9
2
8
11
14
-1
9
6
3
1
12
-1
17
10
12
25
4
8
13
-7
6
0
11
-16
6
-4
2
-5
15
5
12
6
-2
16
-2
2
3
11
5
3
7
2
7
8
5
-3
4
2
10
-3
12
-4
6
-1
1
-10
7
-22
6
10
10
6
-3
-13
13
-10
-1
15
11
7
-15
7
9
12
12
3
2
12
6
6
-6
0
6
8
-2
10
3
6
-4
0
-2
11
1
8
-6
-1
5
0
-5
13
12
13
0
11
6
2
1
-11
2
4
6
8
0
5
4
7
3
0
2
4
13
4
4
4
1
15
11
7
4
4
-1
7
-1
4
-1
17
1
-2
4
0
4
4
-1
2
3
8
2
4
-4
8
6
9
2
9
-4
3
4
-3
10
-1
0
3
2
-11
7
2
11
-5
2
-8
0
-8
10
-11
0
-5
4
0
-25
10
5
4
-9
-3
3
-9
-9
3
4
6
5
3
10
9
9
1
-6
-6
-6
-3
-2
-5
-7
-7
-7
-7
-7
-9
-9
-9
-9
-9
-9
-9
-9
13
-9
-9
-7
-1
-2
-2
7
0
1
-15
1
-1
1
-7
7
-4
0
-12
-3
-4
-3
-14
-2
-5
-3
-9
-4
-4
-3
-11
-4
-6
-5
-7
-5
1
-14
1
-2
-3
-7
-6
-7
-3
-6
-4
-3
-2
-11
-4
-4
-3
-6
-4
-3
4
7
4
7
4
-8
-7
-6
0
-4
-17
0
2
-2
-14
1
6
-2
-19
1
-18
-1
-9
-3
-2
-8
-14
4
2
2
-5
-5
-3
-3
-22
1
-7
-2
-12
-2
0
-3
-12
-7
-4
-1
-4
-5
-8
-6
-2
-6
3
-14
5
2
1
-17
-3
5
-1
-14
-6
-5
-6
-1
5
-2
1
6
-3
-4
-10
-2
-16
-11
-18
-9
-4
-12
-3
-1
-17
1
0
0
-17
-5
-5
-17
0
-8
2
-5
-12
-16
-11
-6
-14
0
-19
-5
1
-3
0
-14
7
-15
-7
-10
-11
-9
-13
2
-13
-4
-4
-26
1
-16
0
-1
-5
-10
-1
-12
-12
-7
-3
-5
-4
-7
5
-11
-3
-2
5
-12
-3
-8
-8
1
-6
-9
-6
-4
-9
-4
-9
1
-7
1
1
-2
-8
1
-14
-5
-1
-4
-14
-4
1
-5
-2
6
-4
-11
-5
1
-6
-4
5
0
-1
0
4
-7
-11
2
-1
-2
2
7
-16
3
7
4
1
2
0
-13
11
5
-4
5
5
4
0
-11
4
-5
6
8
2
2
-17
0
2
-7
-3
1
-1
-2
-9
-1
-1
13
11
4
-16
-2
-9
3
1
1
-9
1
-3
2
7
9
14
3
-2
-5
-4
3
4
-1
10
3
1
15
-4
6
-16
-4
-3
-2
7
16
10
0
1
-5
-6
-5
-4
11
6
-5
-1
-5
10
-8
-2
2
-8
2
-3
-3
-6
2
-3
8
-11
-1
-7
2
3
8
4
13
-4
-1
-5
0
-8
-5
-5
-11
-4
2
-5
-5
-10
-3
-10
-4
-3
-11
-3
-10
-2
-13
-9
5
-17
-7
-14
-3
-7
-2
-11
-6
-3
-5
-15
-3
-7
-12
-1
-9
-9
-11
-5
-14
-9
-5
-8
-5
-5
4
-3
-2
-3
2
1
1
5
1
0
-1
2
1
1
1
32