3
1
-14
-11
-14
-9
-3
-9
-18
-7
-6
-6
-11
-10
-3
-13
-7
-14
-8
-17
-11
-4
-10
-7
-5
-15
-1
-8
-5
-8
-10
-16
-22
-14
-17
-15
-16
-8
-13
-4
-2
-4
-11
0
1
3
3
-8
-7
9
2
-10
-5
-16
-3
1
1
-20
-18
-8
-18
-2
-2
-9
-2
0
1
-8
0
-5
-4
-1
0
-6
-17
4
-6
1
-2
-22
1
-2
-4
-2
-1
3
-9
-7
-10
-12
-10
-4
-11
-6
-16
-5
-3
-14
-14
-11
-21
-21
-21
-21
-21
-21
-21
-18
-18
-18
-18
-18
-18
-18
-18
-19
-19
-19
-19
-19
-19
-19
-19
-17
-17
-17
-17
-17
-17
-17
-17
-17
-17
-17
-17
-17
-17
-17
-17
-15
-15
-15
-15
-15
-15
-15
-15
-15
-15
-15
-15
-15
-15
-15
-15
-21
-21
-21
-21
-21
-21
-21
-21
-15
-15
-15
-15
-15
-15
-15
-15
-16
-16
-16
-16
-16
-16
-16
-16
-17
-17
-17
-17
-17
-17
-17
-17
-24
-24
-24
-24
-24
-24
-24
-24
-22
-22
-22
-22
-22
-22
-22
-22
-30
-30
-30
-30
-30
-30
-30
-30
-17
-17
-17
-17
-17
-17
-17
-17
-20
-20
-20
-20
-20
-20
-20
-20
-14
-14
-14
-14
-14
-14
-14
-14
-13
-13
-13
-13
-13
-13
-13
-13
-16
-16
-16
-16
-16
-16
-16
-16
-21
-21
-21
-21
-21
-21
-21
-21
-19
-19
-19
-19
-19
-19
-19
-19
-20
-20
-20
-20
-20
-20
-20
-20
-17
-17
-17
-17
-17
-17
-17
-17
-14
-14
-14
-14
-14
-14
-14
-14
-14
-14
-14
-14
-14
-14
-14
-14
-12
-12
-12
-12
-12
-12
-12
-12
-16
-16
-16
-16
-16
-16
-16
-16
-18
-18
-18
-18
-18
-18
-18
-18
-18
-18
-18
-18
-18
-18
-18
-18
-15
-15
-15
-15
-15
-15
-15
-15
-19
-19
-19
-19
-19
-19
-19
-19
-19
-19
-19
-19
-19
-19
-19
-19
-20
-20
-20
-20
-20
-20
-20
-20
-18
-18
-18
-18
-18
-18
-18
-18
-20
-20
-20
-20
-20
-20
-20
-20
-19
-19
-19
-19
-19
-19
-19
-19
-19
-19
-19
-19
-19
-19
-19
-19
-16
-16
-16
-16
-16
-16
-16
-16
-15
-15
-15
-15
-15
-15
-15
-15
-14
-14
-14
-14
-14
-14
-14
-14
-24
-24
-24
-24
-24
-24
-24
-24
-22
-22
-22
-22
-22
-22
-22
-22
-22
-22
-22
-22
-22
-22
-22
-22
-26
-26
-26
-26
-26
-26
-26
-26
-13
-13
-13
-13
-13
-13
-13
-13
-22
-22
-22
-22
-22
-22
-22
-22
-17
-17
-17
-17
-17
-17
-17
-17
-18
-18
-18
-18
-18
-18
-18
-18
-22
-22
-22
-22
-22
-22
-22
-22
-20
-20
-20
-20
-20
-20
-20
-20
-24
-24
-24
-24
-24
-24
-24
-24
-21
-21
-21
-21
-21
-21
-21
-21
-17
-17
-17
-17
-17
-17
-17
-17
-17
-17
-17
-17
-17
-17
-17
-17
-18
-18
-18
-18
-18
-18
-18
-18
-24
-24
-24
-24
-24
-24
-24
-24
-21
-21
-21
-21
-21
-21
-21
-21
-26
-26
-26
-26
-26
-26
-26
-26
-14
-14
-14
-14
-14
-14
-14
-14
-12
-12
-12
-12
-12
-12
-12
-12
-19
-19
-19
-19
-19
-19
-19
-19
-17
-17
-17
-17
-17
-17
-17
-17
-23
-23
-23
-23
-23
-23
-23
-23
14
8
6
4
-9
7
-9
6
15
-7
-17
-8
-2
-8
-11
-4
-8
-9
-11
-17
-14
-9
-16
-11
-9
-14
-16
-15
-15
-5
-6
-12
-15
-17
-18
-7
-10
-13
-17
-14
-10
-11
-11
-14
-13
-18
-11
-9
-19
-30
-18
-9
-17
-13
-18
-9
-9
-16
-13
-15
-16
-18
-16
-16
-16
-16
-16
-14
-14
-14
-14
-14
-14
-14
-14
-15
-15
-15
-15
-15
-15
-15
-15
-8
-8
-8
-8
-8
-8
-8
-8
-10
-10
-10
-10
-10
-10
-10
-10
-20
-20
-20
-20
-20
-20
-20
-20
-10
-10
-10
-10
-10
-10
-10
-10
14
14
14
14
14
14
14
14
-5
-5
-5
-5
-5
-5
-5
-5
-13
-11
5
26
24
20
20
22
26
23
-7
26
33
-24
26
17
31
28
34
31
26
30
16
20
-22
20
0
27
28
1
20
-8
1
33
33
32
23
17
27
8
9
0
26
16
9
26
43
11
4
31
-15
-14
-11
-10
-14
-9
-17
-25
-24
-19
3
-9
-5
-8
-3
-6
-6
-14
-2
-3
-13
-16
-9
3
-3
-14
-11
-4
1
3
1
-10
-2
-8
-2
-1
-1
4
0
1
3
-8
-19
3
8
-1
-1
-1
-13
-13
-13
-13
-13
-13
-13
-13
-4
-4
-4
-4
-4
-4
-4
-4
4
-1
-21
-1
9
6
-2
9
21
-19
24
2
-6
-7
-9
-13
-11
-2
-7
-10
-18
-11
-11
-10
-10
-18
-16
-15
-17
-23
-22
-21
-19
-16
-12
-25
-25
-22
-16
-20
-16
-7
3
-11
1
-8
6
-4
5
0
1
-7
6
-2
8
8
11
1
-6
6
-2
-10
9
-17
-17
-11
-2
-16
-4
-9
-11
-3
-13
-16
-15
-8
-13
-12
-7
-12
-14
-6
-4
-15
-10
-13
-14
-23
-26
-17
-14
0
0
1
-15
-12
-19
0
-21
-21
-21
-21
-21
-21
-21
-21
-8
-8
-8
-8
-8
-8
-8
-8
-21
-21
-21
-21
-21
-21
-21
-21
-17
-17
-17
-17
-17
-17
-17
-17
-21
-21
-21
-21
-21
-21
-21
-21
-19
-19
-19
-19
-19
-19
-19
-19
-17
-17
-17
-17
-17
-17
-17
-17
-19
-19
-19
-19
-19
-19
-19
-19
-19
-19
-19
-19
-19
-19
-19
-19
-14
-14
-14
-14
-14
-14
-14
-14
-11
-11
-11
-11
-11
-11
-11
-11
-16
-16
-16
-16
-16
-16
-16
-16
-23
-23
-23
-23
-23
-23
-23
-23
13
-7
-9
-8
-9
-10
-8
-2
-12
-11
-14
-14
-13
-7
-12
-9
-10
-9
-13
-14
-13
-17
-13
-12
-15
-10
-8
-16
-15
-9
-13
-8
-19
-19
-8
-5
-6
-13
-8
-13
-11
-17
-17
-17
-17
-17
-17
-17
-17
-19
-19
-19
-19
-19
-19
-19
-19
-15
-15
-15
-15
-15
-15
-15
-15
-10
-10
-10
-10
-10
-10
-10
-10
-13
-13
-13
-13
-13
-13
-13
-13
-10
-10
-10
-10
-10
-10
-10
-10
-13
-13
-13
-13
-13
-13
-13
-13
-14
-14
-14
-14
-14
-14
-14
-14
-19
-19
-19
-19
-19
-19
-19
-19
-16
-16
-16
-16
-16
-16
-16
-16
-16
-16
-16
-16
-16
-16
-16
-16
-19
-19
-19
-19
-19
-19
-19
-19
13
-5
-7
-7
-10
-9
2
-6
-10
-2
-8
4
-2
-5
1
-6
-14
-5
-1
-3
-8
-7
-7
-6
-1
-4
0
-6
-8
-2
0
3
-2
-3
0
-5
-4
-3
0
-8
-10
-6
-1
-5
-10
-7
-7
-3
-12
2
-9
-8
0
-9
-7
-5
-2
-6
-11
-9
-18
-7
-5
-13
-9
-6
3
-6
-4
-6
-5
-4
-15
-9
-7
-1
-7
-8
-2
-15
-7
-8
-5
-7
-5
-7
2
-15
-4
-7
-3
-7
-3
-7
0
-8
-8
-4
-5
-2
-6
4
-8
-8
-6
-5
-7
-4
-5
5
-14
-10
-7
-9
-3
-2
9
0
-4
-11
-4
-4
-7
-8
-2
-5
-12
-10
-3
1
-6
-6
-2
-1
-10
-4
-4
-15
-9
1
-8
-1
-13
-7
-10
-5
-11
-1
-8
-2
-9
-12
-10
-13
-10
-1
-11
1
-6
-8
-6
-6
-5
-6
1
-8
-15
-16
-11
6
-8
-9
-1
-11
-6
-4
3
-8
3
-13
3
-11
-3
-23
-10
-7
3
-3
2
-8
-6
-16
-9
-8
-7
-16
-3
-14
-10
-20
-4
-6
-15
-2
-22
-4
-19
-5
-13
-4
-11
3
-17
-11
-14
-7
-3
-4
-10
1
-7
-7
-3
-7
0
2
-5
-5
-8
-7
-9
-9
-4
-12
-15
-3
-12
-11
6
-2
-7
-18
0
-4
-11
-6
-10
-5
-4
-8
-8
-12
3
-6
-12
-1
-6
-18
1
-15
-8
-3
-15
-3
-14
-15
-14
-12
-21
-12
-18
-10
-10
-15
-14
-11
-2
-2
-13
-7
-4
-9
-16
0
-9
-10
-3
1
-16
-4
-9
-9
-11
-2
-12
1
-8
-6
-7
-10
-6
-9
-1
-9
-11
5
-8
-9
5
5
-13
-8
-15
-1
-13
-3
-12
-6
-12
-10
-15
-17
-11
-20
-6
-4
-6
-15
-14
-5
-6
-4
-15
-14
-11
-3
-8
-6
-2
-6
-6
-13
-5
10
-7
5
-6
-6
-13
-13
-4
-5
-6
-4
3
-7
-18
-5
-24
4
-12
-12
-15
-5
-13
-11
-5
-5
-6
-7
-21
-6
-16
-11
-8
-7
-11
-5
-10
-12
1
-6
-3
-5
2
-2
-3
-5
-1
-6
-7
-13
1
-7
-7
-7
-11
-7
-6
-3
-1
2
-10
-5
-7
-7
-4
-2
-4
-2
-11
-12
-6
-1
-11
-1
-11
-3
-13
-8
-8
-6
-5
-12
-6
-19
-11
1
-4
-12
-6
-6
-7
-9
-7
-5
-10
-19
-5
4
-7
-7
-5
-7
-13
-6
-6
-3
6
-13
-4
-12
-1
-4
-8
-6
1
-1
-8
-7
0
-1
-8
-19
-8
-11
-4
6
6
6
42
4
0
-11
-8
-2
4
1
-4
-5
5
2
-12
-13
-8
-6
-3
5
-3
6
-3
1
-1
1
5
0
1
3
-3
-2
-2
-2
8
10
8
5
-9
-19
-14
-20
-15
-20
-15
-8
-11
-7
-17
-20
-9
-12
-10
-8
-1
-9
-16
-11
-10
-11
-15
-18
-23
-23
-23
-23
-23
-23
-23
-23
-20
-20
-20
-20
-20
-20
-20
-20
-23
-23
-23
-23
-23
-23
-23
-23
-32
-32
-32
-32
-32
-32
-32
-32
-20
-20
-20
-20
-20
-20
-20
-20
-14
-14
-14
-14
-14
-14
-14
-14
-10
-10
-10
-10
-10
-10
-10
-10
-11
-11
-11
-11
-11
-11
-11
-11
-19
-19
-19
-19
-19
-19
-19
-19
-14
-14
-14
-14
-14
-14
-14
-14
-20
-20
-20
-20
-20
-20
-20
-20
-16
-16
-16
-16
-16
-16
-16
-16
-15
-15
-15
-15
-15
-15
-15
-15
-7
-7
-7
-7
-7
-7
-7
-7
-12
-12
-12
-12
-12
-12
-12
-12
-6
-6
-6
-6
-6
-6
-6
-6
-14
-14
-14
-14
-14
-14
-14
-14
-6
-6
-6
-6
-6
-6
-6
-6
-6
-6
-6
-6
-6
-6
-6
-6
13
-9
-13
-18
-13
-13
-9
-14
-14
-9
2
-6
-17
-18
-11
-17
-10
-20
-24
-10
-17
-18
-17
-22
-19
-8
-14
-14
-14
-14
-14
-22
-22
-22
-22
-22
-22
-22
-22
-9
-9
-3
-7
-11
-9
-13
-7
-10
-10
-6
0
-11
-15
-19
-11
-10
-7
-7
-9
-14
-13
-15
-9
-14
-10
0
-6
-1
2
-7
-13
-15
-17
-9
-10
-11
-5
-3
-9
-8
-4
1
-13
-4
-10
-11
-13
-6
-9
-13
-4
-13
-16
-9
-11
4
-15
-5
-7
-6
-11
-17
-11
-13
-10
-13
-16
-13
-23
-16
-22
-12
-21
-11
-9
-10
-5
-11
-6
-8
-15
-10
-20
-10
-16
-18
-17
-23
-10
-18
-14
-10
-16
-11
-20
-7
-20
-7
-20
-7
-20
-7
-20
-7
-20
-7
-20
-7
-23
-10
-23
-10
-23
-10
-23
-10
-23
-10
-23
-10
-23
-10
-23
-10
-17
-4
-17
-4
-17
-4
-17
-4
-17
-4
-17
-4
-17
-4
-17
-4
-13
0
-13
0
-13
0
-13
0
-13
0
-13
0
-13
0
-13
0
-20
-7
-20
-7
-20
-7
-20
-7
-20
-7
-20
-7
-20
-7
-20
-7
-19
-6
-19
-6
-19
-6
-19
-6
-19
-6
-19
-6
-19
-6
-19
-6
-14
-1
-14
-1
-14
-1
-14
-1
-14
-1
-14
-1
-14
-1
-14
-1
-22
-9
-22
-9
-22
-9
-22
-9
-22
-9
-22
-9
-22
-9
-22
-9
-23
-10
-23
-10
-23
-10
-23
-10
-23
-10
-23
-10
-23
-10
-23
-10
-25
-12
-25
-12
-25
-12
-25
-12
-25
-12
-25
-12
-25
-12
-25
-12
-14
-1
-14
-1
-14
-1
-14
-1
-14
-1
-14
-1
-14
-1
-14
-1
-17
-4
-17
-4
-17
-4
-17
-4
-17
-4
-17
-4
-17
-4
-17
-4
-16
-3
-16
-3
-16
-3
-16
-3
-16
-3
-16
-3
-16
-3
-16
-3
-18
-5
-18
-5
-18
-5
-18
-5
-18
-5
-18
-5
-18
-5
-18
-5
-21
-8
-21
-8
-21
-8
-21
-8
-21
-8
-21
-8
-21
-8
-21
-8
-15
-2
-15
-2
-15
-2
-15
-2
-15
-2
-15
-2
-15
-2
-15
-2
-23
-10
-23
-10
-23
-10
-23
-10
-23
-10
-23
-10
-23
-10
-23
-10
-24
-11
-24
-11
-24
-11
-24
-11
-24
-11
-24
-11
-24
-11
-24
-11
-26
-13
-26
-13
-26
-13
-26
-13
-26
-13
-26
-13
-26
-13
-26
-13
-29
-16
-29
-16
-29
-16
-29
-16
-29
-16
-29
-16
-29
-16
-29
-16
-23
-10
-23
-10
-23
-10
-23
-10
-23
-10
-23
-10
-23
-10
-23
-10
-28
-15
-28
-15
-28
-15
-28
-15
-28
-15
-28
-15
-28
-15
-28
-15
-24
-11
-24
-11
-24
-11
-24
-11
-24
-11
-24
-11
-24
-11
-24
-11
-26
-13
-26
-13
-26
-13
-26
-13
-26
-13
-26
-13
-26
-13
-26
-13
-24
-11
-24
-11
-24
-11
-24
-11
-24
-11
-24
-11
-24
-11
-24
-11
-19
-6
-19
-6
-19
-6
-19
-6
-19
-6
-19
-6
-19
-6
-19
-6
-14
-1
-14
-1
-14
-1
-14
-1
-14
-1
-14
-1
-14
-1
-14
-1
-16
-3
-16
-3
-16
-3
-16
-3
-16
-3
-16
-3
-16
-3
-16
-3
-12
1
-12
1
-12
1
-12
1
-12
1
-12
1
-12
1
-12
1
-13
0
-13
0
-13
0
-13
0
-13
0
-13
0
-13
0
-13
0
-16
-3
-16
-3
-16
-3
-16
-3
-16
-3
-16
-3
-16
-3
-16
-3
13
26