2
-2
-7
-2
10
-1
4
-3
-3
2
-2
-2
-1
-13
0
-6
-7
5
-22
-3
-5
-15
-10
-16
-14
-16
-6
1
-16
1
-5
-5
-14
-2
-2
-20
2
-2
5
1
-11
-11
-1
-4
-15
-2
-2
-9
-9
-10
9
7
-8
12
-10
-5
5
3
3
3
3
3
3
3
3
30
30
30
30
30
30
30
30
-4
-5
3
-3
-4
-5
3
-7
5
-5
-1
2
13
6
-1
-2
-9
-10
7
13
11
8
10
9
16
5
-6
8
12
-8
5
6
2
14
-3
8
8
7
11
1
4
3
-7
-7
-7
-7
-7
-7
-7
-7
-7
-7
-6
-6
-6
-6
-6
-6
-6
-6
-5
-5
-5
-5
-5
-5
-5
-5
-2
-2
-2
-2
-2
-2
-2
-2
-2
-2
-2
-2
-2
-2
-2
-2
-5
-5
-5
-5
-5
-5
-5
-5
-6
-6
-6
-6
-6
-6
-6
-6
-3
-3
-3
-3
-3
-3
-3
-3
-5
-5
-5
-5
-5
-5
-5
-5
-6
-6
-6
-6
-6
-6
-6
-6
-11
-11
-11
-11
-11
-11
-11
-11
-2
-2
-2
-2
-2
-2
-2
-2
-5
-5
-5
-5
-5
-5
-5
-5
-9
-9
-9
-9
-9
-9
-9
-9
-11
-11
-11
-11
-11
-11
-11
-11
-12
-12
-12
-12
-12
-12
-12
-12
-8
-8
-8
-8
-8
-8
-8
-8
-18
-18
-18
-18
-18
-18
-18
-18
-16
-16
-16
-16
-16
-16
-16
-16
-9
-9
-9
-9
-9
-9
-9
-9
17
-16
-22
-18
-15
-19
-13
1
-8
-19
-11
-17
-18
-12
-15
-18
-22
-18
-16
-13
30
-1
21
-9
-10
-8
-11
-12
-17
-19
-22
-25
-28
-13
-24
-27
-30
-7
-26
-26
-10
-26
-22
-22
-25
-12
21
-7
-27
-25
-19
-22
-23
-19
-32
-23
-20
-18
-11
-15
-21
-20
22
-20
-21
-22
-18
-11
-11
-17
-15
-2
-17
-13
-20
1
-1
0
-1
-1
1
-2
6
-5
-9
-6
-3
-6
-2
7
9
-3
-5
9
2
16
18
-20
7
4
-1
1
-1
-3
0
16
5
19
20
0
-6
8
1
-2
-7
-14
-10
-28
-21
-26
-22
-10
-14
-4
-1
-2
-9
-7
1
-4
-4
-13
-3
10
-3
5
-15
-2
-18
-22
-18
-22
-18
-22
-18
-22
-18
-22
-18
-22
-18
-22
-18
-22
-20
-24
-20
-24
-20
-24
-20
-24
-20
-24
-20
-24
-20
-24
-20
-24
-22
-26
-22
-26
-22
-26
-22
-26
-22
-26
-22
-26
-22
-26
-22
-26
-28
-32
-28
-32
-28
-32
-28
-32
-28
-32
-28
-32
-28
-32
-28
-32
-22
-26
-22
-26
-22
-26
-22
-26
-22
-26
-22
-26
-22
-26
-22
-26
-25
-29
-25
-29
-25
-29
-25
-29
-25
-29
-25
-29
-25
-29
-25
-29
18
14
-13
-11
-12
-10
-4
-11
-7
-16
-12
-15
-15
-21
-13
-10
-21
-16
-11
-10
-16
-2
-10
0
1
-1
-9
0
-8
-9
-6
-4
-9
1
-1
-4
-4
-6
-18
0
-9
-3
-5
-6
-6
-3
-8
-2
-2
-1
-12
-6
-9
-5
-9
0
-11
-7
-10
-10
-5
0
-8
2
-10
-7
-13
-5
-9
-12
0
-7
-4
-8
-4
-1
-3
-8
-4
-8
3
-13
-4
-13
-3
-9
1
-13
-4
-11
-8
0
-6
-4
0
-12
-10
-5
-2
-4
-4
0
-12
-1
-8
-2
-1
-5
-6
1
-10
-4
-10
-4
-1
-1
-10
2
-17
-7
-11
-6
-8
-11
-2
-11
-4
-4
-6
-6
-5
-5
-8
-8
-6
-7
-5
-6
-5
-8
-2
-8
-7
-9
-9
-2
-7
-7
-1
-11
-8
-6
-10
-6
-17
-4
-2
-8
-16
-8
-16
-11
-15
-8
4
-8
-11
-8
-7
-14
-8
-7
-6
-6
-1
-15
-15
-1
-17
-14
-18
-8
15
7
-10
-11
-11
0
-6
-9
-8
-3
-10
-1
-1
-2
-6
-5
-9
-11
-5
-7
2
-9
-8
-10
-7
-8
-9
-1
-13
-9
-6
-9
-11
-10
-6
-18
-15
-8
-5
-9
-13
-8
-8
-8
-8
-10
-5
-5
-7
-2
-13
-10
-19
-5
-4
-16
-5
-4
0
-6
-7
-7
-4
-4
-2
-4
-9
-14
-7
-4
-4
1
-23
-5
-9
-12
-18
-7
-3
-5
-3
-8
-6
-4
-12
-10
-3
-8
-10
-4
-2
1
-2
-6
-2
-4
-8
-4
-3
-12
-3
-7
-5
-15
-11
-10
-6
-10
-3
-3
-12
-12
-12
-13
-14
-9
-6
-10
-7
-8
-7
3
-6
3
-6
-15
-13
-18
-10
-12
-4
-22
-7
-19
0
-13
-9
-10
-11
-10
-8
-17
-9
-9
-15
-5
-13
-15
-7
-13
-11
-11
7
-9
-13
-13
-24
-9
-16
-19
-18
-18
-18
-17
-16
-1
-4
-10
-12
-16
-17
-9
-11
-11
-5
-8
-17
-13
-1
-10
-10
-17
-9
-14
-8
-21
-13
-9
-12
-21
-17
-8
4
-1
-3
-6
-14
-10
-19
-3
-10
-12
-5
-7
-3
-8
7
-12
-4
-13
1
-12
-1
-9
-8
-5
-18
-6
-10
-10
0
-7
4
-4
-10
-13
-16
-5
-6
-7
-15
-7
1
-16
-10
-9
-10
-4
-10
-4
-16
-6
-11
-8
-9
-10
-2
-14
-7
-5
-7
-11
-8
-18
-7
-12
-16
-12
-9
-12
-4
-9
-7
-8
-1
-9
-4
-15
0
-2
-2
-10
-6
-8
-3
-7
-2
-3
-9
2
-18
-2
-14
-3
-8
-12
-5
-17
-10
-20
-19
-8
-10
-19
-10
-5
-7
-3
-15
-3
-18
-6
-8
-8
-13
-7
-4
-9
-7
-12
-3
-14
-10
-16
-8
-3
-3
-2
4
6
6
-5
4
3
3
9
-2
7
9
-7
2
2
-1
2
3
6
3
1
5
-6
0
-3
-3
0
-4
6
8
-2
-3
9
4
11
-3
8
0
7
1
5
2
-3
-3
-5
1
-5
-2
-6
-4
-3
1
-8
-7
-9
-9
-13
-7
-6
0
9
-1
3
-4
-4
4
-8
8
-14
1
-1
4
5
6
5
-1
-4
-6
-8
-5
-11
3
-10
-6
-6
-11
5
2
-1
-2
8
6
3
1
-1
-3
-7
-4
-7
-1
-2
7
7
7
7
6
6
6
6
6
6
6
6
38
-16
-11
-16
-7
-13
-21
-21
-8
-10
-11
-19
-13
-19
-21
-14
-10
-10
-9
-11
-4
-10
-15
-15
-8
-8
-8
-8
-6
-6
-6
-6
-6
-6
-6
-6
-2
-2
-2
-2
-2
-2
-2
-2
-6
-6
-6
-6
-6
-6
-6
-6
-4
-4
-4
-4
-4
-4
-4
-4
-4
-4
-4
-4
-4
-4
-4
-4
-2
-2
-2
-2
-2
-2
-2
-2
-3
-3
-3
-3
-3
-3
-3
-3
-5
-5
-5
-5
-5
-5
-5
-5
-14
-14
-14
-14
-14
-14
-14
-14
-9
-9
-9
-9
-9
-9
-9
-9
-2
-2
-2
-2
-2
-2
-2
-2
-12
-12
-12
-12
-12
-12
-12
-12
-10
-10
-10
-10
-10
-10
-10
-10
-7
-7
-7
-7
-7
-7
-7
-7
-16
-16
-16
-16
-16
-16
-16
-16
-10
-10
-10
-10
-10
-10
-10
-10
21
-8
-5
-13
-3
-13
-12
-14
-7
-7
-7
-7
-8
-8
-8
-8
-8
-8
-8
-8
-4
-4
-4
-4
-4
-4
-4
-4
-6
-6
-6
-6
-6
-6
-6
-6
-11
-11
-11
-11
-11
-11
-11
-11
-4
-4
-4
-4
-4
-4
-4
-4
-11
-11
-11
-11
-11
-11
-11
-11
23
23
23
23
23
23
23
23
-29
-29
-29
-29
-29
-29
-29
-29
-29
-29
-29
-29
-29
-29
-29
-29
-31
-31
-31
-31
-31
-31
-31
-31
-35
-35
-35
-35
-35
-35
-35
-35
-29
-29
-29
-29
-29
-29
-29
-29
-31
-31
-31
-31
-31
-31
-31
-31
-27
-27
-27
-27
-27
-27
-27
-27
-27
-27
-27
-27
-27
-27
-27
-27
-32
-32
-32
-32
-32
-32
-32
-32
23
23
23
23
23
23
23
23
-16
-16
-16
-16
-16
-16
-16
-16
-27
-27
-27
-27
-27
-27
-27
-27
-22
-22
-22
-22
-22
-22
-22
-22
-11
-11
-11
-11
-11
-11
-11
-11
-26
-26
-26
-26
-26
-26
-26
-26
-34
-34
-34
-34
-34
-34
-34
-34
-27
-27
-27
-27
-27
-27
-27
-27
23
23
23
23
23
23
23
23
-30
-30
-30
-30
-30
-30
-30
-30
-16
-16
-16
-16
-16
-16
-16
-16
-30
-30
-30
-30
-30
-30
-30
-30
-35
-35
-35
-35
-35
-35
-35
-35
-35
-35
-35
-35
-35
-35
-35
-35
23
23
23
23
23
23
23
23
-31
-31
-31
-31
-31
-31
-31
-31
-28
-28
-28
-28
-28
-28
-28
-28
-13
-13
-13
-13
-13
-13
-13
-13
-19
-19
-19
-19
-19
-19
-19
-19
-29
-29
-29
-29
-29
-29
-29
-29
-18
-18
-18
-18
-18
-18
-18
-18
-10
-10
-10
-10
-10
-10
-10
-10
-21
-21
-21
-21
-21
-21
-21
-21
-17
-17
-17
-17
-17
-17
-17
-17
-9
-9
-9
-9
-9
-9
-9
-9
23
-14
-14
-16
-9
-16
-12
-14
-11
-12
-20
-15
-5
-24
-16
-10
-14
-22
-10
1
-14