62
62
62
62
62
62
62
67
67
67
67
67
67
67
67
65
65
65
65
65
65
65
65
66
66
66
66
66
66
66
66
67
67
67
67
67
67
67
67
68
68
68
68
68
68
68
68
69
69
69
69
69
69
69
69
70
70
70
70
70
70
70
70
70
70
70
70
70
70
70
70
74
74
74
74
74
74
74
74
72
72
72
72
72
72
72
72
72
72
72
72
72
72
72
72
68
68
68
68
68
68
68
68
66
66
66
66
66
66
66
66
70
70
70
70
70
70
70
70
68
68
68
68
68
68
68
68
67
67
67
67
67
67
67
67
71
71
71
71
71
71
71
71
68
68
68
68
68
68
68
68
68
68
68
68
68
68
68
68
66
66
66
66
66
66
66
66
66
66
66
66
66
66
66
66
68
68
68
68
68
68
68
68
65
65
65
65
65
65
65
65
69
69
69
69
69
69
69
69
67
67
67
67
67
67
67
67
71
71
71
71
71
71
71
71
69
69
69
69
69
69
69
69
67
67
67
67
67
67
67
67
72
72
72
72
72
72
72
72
72
72
72
72
72
72
72
72
64
64
64
64
64
64
64
64
68
68
68
68
68
68
68
68
72
72
72
72
72
72
72
72
72
72
72
72
72
72
72
72
65
65
65
65
65
65
65
65
65
65
65
65
65
65
65
65
70
70
70
70
70
70
70
70
69
69
69
69
69
69
69
69
63
63
63
63
63
63
63
63
63
63
63
63
63
63
63
63
64
64
64
64
64
64
64
64
67
67
67
67
67
67
67
67
65
65
65
65
65
65
65
65
64
64
64
64
64
64
64
64
66
66
66
66
66
66
66
66
69
69
69
69
69
69
69
69
60
60
60
60
60
60
60
60
63
63
63
63
63
63
63
63
51
51
51
51
51
51
51
51
57
57
57
57
57
57
57
57
64
64
64
64
64
64
64
64
62
62
62
62
62
62
62
62
65
65
65
65
65
65
65
65
64
64
64
64
64
64
64
64
66
66
66
66
66
66
66
66
66
66
66
66
66
66
66
66
68
68
68
68
68
68
68
68
68
68
68
68
68
68
68
68
62
62
62
62
62
62
62
62
68
68
68
68
68
68
68
68
67
67
67
67
67
67
67
67
66
66
66
66
66
66
66
66
59
59
59
59
59
59
59
59
61
61
61
61
61
61
61
61
53
53
53
53
53
53
53
53
66
66
66
66
66
66
66
66
63
63
63
63
63
63
63
63
69
69
69
69
69
69
69
69
70
70
70
70
70
70
70
70
67
67
67
67
67
67
67
67
62
62
62
62
62
62
62
62
64
64
64
64
64
64
64
64
63
63
63
63
63
63
63
63
66
66
66
66
66
66
66
66
69
69
69
69
69
69
69
69
69
69
69
69
69
69
69
69
71
71
71
71
71
71
71
71
67
67
67
67
67
67
67
67
65
65
65
65
65
65
65
65
65
65
65
65
65
65
65
65
68
68
68
68
68
68
68
68
64
64
64
64
64
64
64
64
64
64
64
64
64
64
64
64
63
63
63
63
63
63
63
63
65
65
65
65
65
65
65
65
63
63
63
63
63
63
63
63
64
64
64
64
64
64
64
64
64
64
64
64
64
64
64
64
67
67
67
67
67
67
67
67
68
68
68
68
68
68
68
68
69
69
69
69
69
69
69
69
59
59
59
59
59
59
59
59
61
61
61
61
61
61
61
61
61
61
61
61
61
61
61
61
57
57
57
57
57
57
57
57
70
70
70
70
70
70
70
70
61
61
61
61
61
61
61
61
66
66
66
66
66
66
66
66
65
65
65
65
65
65
65
65
61
61
61
61
61
61
61
61
63
63
63
63
63
63
63
63
59
59
59
59
59
59
59
59
62
62
62
62
62
62
62
62
66
66
66
66
66
66
66
66
66
66
66
66
66
66
66
66
65
65
65
65
65
65
65
65
59
59
59
59
59
59
59
59
62
62
62
62
62
62
62
62
57
57
57
57
57
57
57
57
69
69
69
69
69
69
69
69
71
71
71
71
71
71
71
71
64
64
64
64
64
64
64
64
66
66
66
66
66
66
66
66
60
60
60
60
60
60
60
60
97
43
10
10
10
10
10
10
10
10
10
10
10
10
10
10
10
15
15
15
15
15
15
15
15
14
14
14
14
14
14
14
14
13
13
13
13
13
13
13
13
16
16
16
16
16
16
16
16
18
18
18
18
18
18
18
18
17
17
17
17
17
17
17
17
24
24
24
24
24
24
24
24
22
22
22
22
22
22
22
22
12
12
12
12
12
12
12
12
22
22
22
22
22
22
22
22
46
46
46
46
46
46
46
46
27
27
27
27
27
27
27
27
38
10
3
20
20
20
20
20
20
20
1
15
5
10
16
-7
-4
15
-3
-1
18
8
9
2
6
15
15
15
15
15
15
15
13
13
13
13
13
13
13
13
10
10
10
10
10
10
10
10
11
11
11
11
11
11
11
11
10
10
10
10
10
10
10
10
11
11
11
11
11
11
11
11
5
5
5
5
5
5
5
5
11
11
11
11
11
11
11
11
7
7
7
7
7
7
7
7
16
16
16
16
16
16
16
16
8
8
8
8
8
8
8
8
27
16
14
-3
24
23
23
23
23
23
23
23
22
22
22
22
22
22
22
22
23
23
23
23
23
23
23
23
23
23
23
23
23
23
23
23
19
19
19
19
19
19
19
19
26
26
26
26
26
26
26
26
23
23
23
23
23
23
23
23
24
24
24
24
24
24
24
24
25
25
25
25
25
25
25
25
25
25
25
25
25
25
25
25
24
24
24
24
24
24
24
24
24
24
24
24
24
24
24
24
25
25
25
25
25
25
25
25
24
24
24
24
24
24
24
24
26
26
26
26
26
26
26
26
25
25
25
25
25
25
25
25
16
16
16
16
16
16
16
16
23
23
23
23
23
23
23
23
24
24
24
24
24
24
24
24
23
23
23
23
23
23
23
23
25
25
25
25
25
25
25
25
31
31
31
31
31
31
31
31
29
29
29
29
29
29
29
29
25
25
25
25
25
25
25
25
20
20
20
20
20
20
20
20
24
24
24
24
24
24
24
24
22
22
22
22
22
22
22
22
19
19
19
19
19
19
19
19
27
27
27
27
27
27
27
27
27
27
27
27
27
27
27
27
28
28
28
28
28
28
28
28
19
19
19
19
19
19
19
19
19
19
19
19
19
19
19
19
25
25
25
25
25
25
25
25
28
28
28
28
28
28
28
28
29
29
29
29
29
29
29
29
26
26
26
26
26
26
26
26
30
30
30
30
30
30
30
30
25
25
25
25
25
25
25
25
16
16
16
16
16
16
16
16
23
23
23
23
23
23
23
23
22
22
22
22
22
22
22
22
26
26
26
26
26
26
26
26
23
23
23
23
23
23
23
23
23
23
23
23
23
23
23
23
24
24
24
24
24
24
24
24
26
26
26
26
26
26
26
26
18
18
18
18
18
18
18
18
17
17
17
17
17
17
17
17
22
22
22
22
22
22
22
22
26
26
26
26
26
26
26
26
15
15
15
15
15
15
15
15
19
19
19
19
19
19
19
19
22
22
22
22
22
22
22
22
27
27
27
27
27
27
27
27
29
29
29
29
29
29
29
29
30
30
30
30
30
30
30
30
27
27
27
27
27
27
27
27
21
21
21
21
21
21
21
21
26
26
26
26
26
26
26
26
29
29
29
29
29
29
29
29
25
25
25
25
25
25
25
25
27
27
27
27
27
27
27
27
22
22
22
22
22
22
22
22
28
28
28
28
28
28
28
28
27
27
27
27
27
27
27
27
23
23
23
23
23
23
23
23
22
22
22
22
22
22
22
22
23
23
23
23
23
23
23
23
19
19
19
19
19
19
19
19
29
29
29
29
29
29
29
29
23
23
23
23
23
23
23
23
22
22
22
22
22
22
22
22
30
30
30
30
30
30
30
30
24
24
24
24
24
24
24
24
24
24
24
24
24
24
24
24
24
24
24
24
24
24
24
24
25
25
25
25
25
25
25
25
23
23
23
23
23
23
23
23
16
16
16
16
16
16
16
16
10
10
10
10
10
10
10
10
23
23
23
23
23
23
23
23
25
25
25
25
25
25
25
25
20
20
20
20
20
20
20
20
19
19
19
19
19
19
19
19
16
16
16
16
16
16
16
16
17
17
17
17
17
17
17
17
15
15
15
15
15
15
15
15
21
21
21
21
21
21
21
21
27
27
27
27
27
27
27
27
24
24
24
24
24
24
24
24
24
24
24
24
24
24
24
24
19
19
19
19
19
19
19
19
25
25
25
25
25
25
25
25
22
22
22
22
22
22
22
22
22
22
22
22
22
22
22
24
24
24
24
24
24
24
24
27
27
27
27
27
27
27
27
26
26
26
26
26
26
26
26
28
28
28
28
28
28
28
28
25
25
25
25
25
25
25
25
28
28
28
28
28
28
28
28
27
27
27
27
27
27
27
27
26
26
26
26
26
26
26
26
25
25
25
25
25
25
25
25
24
24
24
24
24
24
24
24
29
29
29
29
29
29
29
29
28
28
28
28
28
28
28
28
26
26
26
26
26
26
26
26
28
28
28
28
28
28
28
28
27
27
27
27
27
27
27
27
25
25
25
25
25
25
25
25
24
24
24
24
24
24
24
24
29
29
29
29
29
29
29
29
20
20
20
20
20
20
20
20
20
20
20
20
20
20
20
20
13
13
13
13
13
13
13
13
15
15
15
15
15
15
15
15
21
21
21
21
21
21
21
21
29
29
29
29
29
29
29
29
24
24
24
24
24
24
24
24
29
29
29
29
29
29
29
29
28
28
28
28
28
28
28
28
26
26
26
26
26
26
26
26
23
23
23
23
23
23
23
23
29
29
29
29
29
29
29
29
26
26
26
26
26
26
26
26
18
18
18
18
18
18
18
18
19
19
19
19
19
19
19
19
36
36
36
36
36
36
36
36
24
24
24
24
24
24
24
24
26
26
26
26
26
26
26
26
25
25
25
25
25
25
25
25
28
28
28
28
28
28
28
28
27
27
27
27
27
27
27
27
22
22
22
22
22
22
22
22
28
28
28
28
28
28
28
28
27
27
27
27
27
27
27
27
27
27
27
27
27
27
27
27
25
25
25
25
25
25
25
25
28
28
28
28
28
28
28
28
28
28
28
28
28
28
28
28
25
25
25
25
25
25
25
25
22
22
22
22
22
22
22
22
28
28
28
28
28
28
28
28
30
30
30
30
30
30
30
30
29
29
29
29
29
29
29
29
28
28
28
28
28
28
28
28
29
29
29
29
29
29
29
29
24
24
24
24
24
24
24
24
20
20
20
20
20
20
20
20
25
25
25
25
25
25
25
25
18
18
18
18
18
18
18
18
27
27
27
27
27
27
27
27
27
27
27
27
27
27
27
27
22
22
22
22
22
22
22
22
27
27
27
27
27
27
27
27
28
28
28
28
28
28
28
28
24
24
24
24
24
24
24
24
23
23
23
23
23
23
23
23
20
20
20
20
20
20
20
20
26
26
26
26
26
26
26
26
30
30
30
30
30
30
30
30
23
23
23
23
23
23
23
23
24
24
24
24
24
24
24
24
29
29
29
29
29
29
29
29
21
21
21
21
21
21
21
21
20
20
20
20
20
20
20
20
18
18
18
18
18
18
18
18
29
29
29
29
29
29
29
29
26
26
26
26
26
26
26
26
27
27
27
27
27
27
27
27
25
25
25
25
25
25
25
25
22
22
22
22
22
22
22
22
28
28
28
28
28
28
28
28
20
20
20
20
20
20
20
20
19
19
19
19
19
19
19
19
17
17
17
17
17
17
17
17
14
14
14
14
14
14
14
14
20
20
20
20
20
20
20
20
15
15
15
15
15
15
15
15
19
19
19
19
19
19
19
19
17
17
17
17
17
17
17
17
19
19
19
19
19
19
19
19
24
24
24
24
24
24
24
24
29
29
29
29
29
29
29
29
27
27
27
27
27
27
27
27
31
31
31
31
31
31
31
31
30
30
30
30
30
30
30
30
27
27
27
27
27
27
27
27
56