-20
-15
-17
-3
-5
61
39
39
39
39
39
39
39
39
47
47
47
47
47
47
47
47
51
51
51
51
51
51
51
51
60
60
60
60
60
60
60
60
71
71
71
71
71
71
71
71
73
73
73
73
73
73
73
73
76
76
76
76
76
76
76
76
77
77
77
77
77
77
77
77
94
53
27
13
13
13
13
13
13
13
13
49
49
49
49
49
7
14
16
14
14
14
14
23
23
23
23
23
23
23
23
26
26
26
26
26
26
26
26
26
26
26
26
26
26
26
26
31
31
31
31
31
31
31
31
35
35
35
35
35
35
35
35
39
39
39
39
39
39
39
39
37
37
37
37
37
37
37
37
39
39
39
39
39
39
39
39
37
37
37
37
37
37
37
37
59
7
8
13