11
22
22
48
48
48
48
7
13
13
14
-5
1
18
3
3
3
3
3
3
3
3
7
7
7
7
7
7
7
7
4
4
4
4
4
4
4
4
6
6
6
6
6
6
6
6
5
5
5
5
5
5
5
5
5
5
5
5
5
5
5
5
7
7
7
7
7
7
7
7
2
2
2
2
2
2
2
2
7
7
7
7
7
7
7
7
10
10
10
10
10
10
10
10
6
6
6
6
6
6
6
6
9
9
9
9
9
9
9
9
7
7
7
7
7
7
7
7
7
7
7
7
7
7
7
7
7
7
7
7
7
7
7
7
-1
-1
-1
-1
-1
-1
-1
-1
-2
-2
-2
-2
-2
-2
-2
-2
2
2
2
2
2
2
2
2
4
4
4
4
4
4
4
4
8
8
8
8
8
8
8
8
4
4
4
4
4
4
4
4
6
6
6
6
6
6
6
6
6
6
6
6
6
6
6
6
8
8
8
8
8
8
8
8
7
7
7
7
7
7
7
7
5
5
5
5
5
5
5
5
-4
-4
-4
-4
-4
-4
-4
-4
1
1
1
1
1
1
1
1
8
8
8
8
8
8
8
8
-2
-2
-2
-2
-2
-2
-2
-2
0
0
0
0
0
0
0
0
3
3
3
3
3
3
3
3
-6
-6
-6
-6
-6
-6
-6
-6
0
0
0
0
0
0
0
0
31
1
11
4
3
9
6
10
21
21
21
21
29
29
29
29
29
29
29
29
61