4
0
8
-19
-19
-23
1
-28
29
20
18
18
18
18
18
18
18
18
23
23
23
23
23
23
23
23
19
19
19
19
19
19
19
19
25
25
25
25
25
25
25
25
29
29
29
29
29
29
29
29
16
16
16
16
16
16
16
16
10
10
10
10
10
10
10
10
26
26
26
26
26
26
26
26
27
27
27
27
27
27
27
27
27
27
27
27
27
27
27
27
20
20
20
20
20
20
20
20
15
15
15
15
15
15
15
15
23
23
23
23
23
23
23
23
27
27
27
27
27
27
27
27
36
36
36
36
36
36
36
36
47
47
47
47
47
47
47
47
49
49
49
49
49
49
49
49
52
52
52
52
52
52
52
52
53
53
53
53
53
53
53
53
70
-3
-17
7
3
-13
-17
-16
5
-16
9
-2