-6
-6
2
2
2
2
2
2
2
2
-6
-6
-6
-6
-6
-6
-6
-6
-11
-11
-11
-11
-11
-11
-11
-11
-11
-11
-11
-11
-11
-11
-11
-11
-4
-4
-4
-4
-4
-4
-4
-4
-1
-1
-1
-1
-1
-1
-1
-1
-14
-14
-14
-14
-14
-14
-14
-14
-8
-8
-8
-8
-8
-8
-8
-8
41
41
41
41
41
41
41
41
41
-16
-12
3
-5
-14
-4
26
-16
5
15
-25
-21
-13
-12
-20
-2
-10
-10
-10
-10
-10
-10
-8
-8
-8
-8
-8
-8
-8
-8
-16
-16
-16
-16
-16
-16
-16
-16
20
20
20
20
20
16
17
5
15
21
9
16
16
16
16
16
16
16
16
16
16
16
16
16
16
16
16
21
21
21
21
21
21
21
21
25
25
25
25
25
25
25
25
29
29
29
29
29
29
29
29
27
27
27
27
27
27
27
27
29
29
29
29
29
29
29
29
27
27
27
27
27
27
27
27
49
7
13
11
11
-1
5
17
10
4
5
6
6
14
6
3
3
3
3
3
3
3
3
3
7
7
7
7
7
7
7
7
4
4
4
4
4
4
4
4
5
5
5
5
5
5
5
5
7
7
7
7
7
7
7
7
2
2
2
2
2
2
2
2
7
7
7
7
7
7
7
7
8
8
8
8
8
8
8
8
39