-8
-2
-12
-9
-6
-11
-4
-2
1
11
-12
-7
-6
-2
-6
-3
-3
3
-6
-17
-8
16
6
0
3
8
4
-7
0
-2
4
-6
-5
3
-2
-3
-3
2
2
-4
3
3
1
-9
0
0
-6
-5
-8
-8
44
8
-3
6
8
-19
10
-5
-1
-1
15
-14
-14
8
-1
-1
0
8
-5
3
1
18
4
4
1
1
2
6
5
0
1
0
2
-3
-6
1
-4
4
5
-14
-2
-2
-2
-2
-2
4
4
4
4
4
4
4
4
-3
-3
-3
-3
-3
-3
-3
-3
6
6
6
6
6
6
6
6
6
6
6
6
6
6
6
6
5
5
5
5
5
5
5
5
9
9
9
9
9
9
9
9
3
3
3
3
3
3
3
3
-3
-3
-3
-3
-3
-3
-3
-3
-9
-9
-9
-9
-9
-9
-9
-9
-3
-3
-3
-3
-3
-3
-3
-3
-6
-6
-6
-6
-6
-6
-6
-6
-9
-9
-9
-9
-9
-9
-9
-9
-16
-16
-16
-16
-16
-16
-16
-16
-7
-7
-7
-7
-7
-7
-7
-7
-6
-6
-6
-6
-6
-6
-6
-6
-8
-8
-8
-8
-8
-8
-8
-8
-29
-29
-29
-29
-29
-29
-29
-29
-10
-10
-10
-10
-10
-10
-10
-10
-14
-14
-14
-14
-14
-14
-14
-14
-13
-13
-13
-13
-13
-13
-13
-13
-14
-14
-14
-14
-14
-14
-14
-14
-16
-16
-16
-16
-16
-16
-16
-16
-11
-11
-11
-11
-11
-11
-11
-11
-15
-15
-15
-15
-15
-15
-15
-15
-9
-9
-9
-9
-9
-9
-9
-9
-5
-5
-5
-5
-5
-5
-5
-5
-18
-18
-18
-18
-18
-18
-18
-18
-24
-24
-24
-24
-24
-24
-24
-24
-8
-8
-8
-8
-8
-8
-8
-8
-7
-7
-7
-7
-7
-7
-7
-7
-7
-7
-7
-7
-7
-7
-7
-7
-14
-14
-14
-14
-14
-14
-14
-14
-19
-19
-19
-19
-19
-19
-19
-19
-11
-11
-11
-11
-11
-11
-11
-11
-7
-7
-7
-7
-7
-7
-7
-7
2
2
2
2
2
2
2
2
13
13
13
13
13
13
13
13
15
15
15
15
15
15
15
15
18
18
18
18
18
18
18
18
19
19
19
19
19
19
19
19
36
5
-11
-7
0
6
5
-5
4
7
2
4
-1
3
-6
2
3
-3
1
4
5
0
7
4
7
2
1
-5
4
2
-12
-3
1
-2
0
-1
-5
-1
-4
4
-7
5
-4
-5
-5
-10
5
14
-2
9
4
-3
-14
-12
-6
-13
-3
-5
0
-8
-6
-4
1
-4
-5
3
2
3
4
-8
-5
-5
-1
24
2
-3
-4
-10
-8
5
3
1
1
1
-2
5
5
4
0
5
4
1
2
1
-1
-4
-4
1
-2
1
-8
-5
-2
4
12
3
40