-3
-4
-12
-5
-4
-6
-12
-7
-16
-16
-15
-1
-8
-11
2
-17
-17
5
-13
-15
-10
-12
-2
-5
-10
0
-10
-9
3
0
-3
-5
-9
-6
9
2
-11
-9
-2
-1
-5
-4
-14
-9
-2
-19
-15
-8
-16
-2
-12
-7
-3
12
-9
-7
-9
5
-4
-10
-11
-10
-4
-4
1
4
16
-9
4
6
-2
-1
-2
-9
-13
2
-2
-6
-9
-6
-2
-7
-7
1
-6
-8
0
-2
-7
1
4
-8
4
1
-2
-5
4
-3
2
-10
-10
-1
-8
-3
-1
4
0
1
-1
0
6
7
-11
7
-1
-7
0
-2
1
-3
0
-3
-1
4
-7
-1
-9
-1
2
-4
1
-8
-2
-3
4
-1
1
-6
-7
-2
-4
-9
1
9
-9
-11
-5
-18
-24
0
-11
-6
-12
-2
-2
1
-3
-11
-6
-4
1
2
2
-5
-3
-7
4
-2
-1
-16
-7
14
-1
-1
12
-9
-2
-2
-4
5
8
4
-8
1
4
4
0
1
0
-1
2
1
-1
-2
4
1
-2
-2
-5
-8
-3
-3
-1
10
41
36
28