9
6
-6
1
-9
-3
4
-12
0
-6
4
13
11
2
3
4
2
3
8
4
4
12
7
-4
11
-5
11
-13
8
1
5
8
-4
9
-1
-6
8
1
2
10
0
4
6
7
4
3
7
10
4
8
9
16
9
-10
-1
2
9
5
-7
7
9
-2
6
3
-12
1
6
37
-7
0
-3
-5
-1
1
3
6
8
-1
-1
-6
5
3
2
-3
-4
2
4
8
0
3
-7
4
-6
-17
2
11
-1
6
-12
4
12
2
5
3
-9
4
7
0
0
-5
2
1
-1
8
3
3
9
-8
-9
4
1
6
-8
6
-9
-4
1
6
-4
-1
-20
2
-9
-5
-11
2
-1
6
9
5
10
9
6
-9
8
-11
7
10
5
10
3
5
4
-4
-10
8
5
4
11
10
5
5
1
1
1
9
13
-1
-5
12
5
9
8
12
20
-11
-10
1
5
7
-2
7
8
-17
-8
-15
5
4
7
-3
-1
8
9
0
-4
35
12
12
8
-5
-23
-4
-8
-9
-7
-10
-1
-1
5
17
-1
-26
-9
-22
0
-16
-16
1
-4
0
15
17
16
8
5
8
10
10
16
7
2
0
7
-3
-8
7
-10
-3
-14
3
0
24
24
3
11
1
9
0
-8
-11
6
19
17
20
29
13
29
-10
5
1
-7
-2
-13
-5
-5
36
7
-11
23
0
3
4
18
3
18
2
-6
16
4
5
2
4
-9
-2
-9
6
11
9
-14
-14
-11
-15
2
2
2
-14
8
17
30
10
18
2
5
7
9
7
8
7
15
19
8
14
11
-3
5
0
8
11
-1
13
10
0
1
15
8
11
-11
13
-3
-6
14
14
-2
-6
-3
2
15
-6
-1
-5
16
3
6
4
15
1
4
1
12
-4
-16
-9
-8
-5
-5
5
9
-3
-6
-6
-11
-8
-14
-11
2
-10
7
5
-12
7
-15
3
3
-20
5
-2
15
-3
-2
6
10
-7
7
-2
-3
12
-9
3
-5
-1
1
8
3
-7
-7
10
9
-2
-2
0
18
-21
-2
2
-16
3
3
7
12
10
-8
1
-11
-4
5
-4
-2
9
4
3
-1
-9
-2
16
5
7
-1
10
13
-8
15
15
7
2
-5
3
2
1
5
4
5
11
-16
15
14
1
6
1
14
-1
8
23
18
11
19
6
6
14
15
-5
-11
2
-4
-8
-3
-5
4
11
7
-4
25
4
29
-2
-17
-7
12
18
10
1
6
1
7
15
-2
-5
-17
4
4
20
3
8
1
6
1
1
-7
-3
7
12
4
2
6
4
16
11
-3
-1
7
-7
1
-11
13
2
-5
13
10
3
-4
4
-10
9
-18
-1
-28
-20
0
2
5
7
12
8
-16
-10
-42
8
12
11
14
24
27
22
15
15
7
14
2
12
0
7
8
-4
0
11
7
19
-1
17
17
-13
11
10
13
7
15
7
3
-7
-2
-3
5
-13
-20
1
8
-24
10
13
11
2
15
4
-25
9
13
18
-15
6
-17
-18
9
-8
-27
5
-2
10
6
16
-1
-16
-18
-12
-4
2
-16
-15
-15
-4
-10
-9
-20
-12
-14
-10
-4
-6
-11
-18
-6
-8
-7
-2
1
0
38
-14
-16
-16
-14
-16
-5
2
4
-5
8
1
11
12
7
7
0
7
1
7
0
0
7
5
-2
-4
-4
-8
-4
-3
-8
9
12
7
-2
-3
11
-6
-13
-9
12
24
-15
-10
-15
-1
-8
2
-2
10
3
14
-7
5
0
0
-3
-10
-1
-4
-18
9
-6
-8
-4
-12
5
3
17
14
10
-3
15
26
13
20
12
29
5
28
19
17
-1
23
12
18
16
12
-9
-1
4
0
2
-1
-9
10
4
3
-1
2
4
8
15
-7
8
6
7
4
-6
-13
-12
-7
0
5
-3
6
11
39
3
4
13
27
2
0
8
8
-2
3
5
8
18
19
15
7
5
7
8
2
-18
-18
-18
-18
-18
18
2
4
-1
15
4
4
2
-11
0
14
-11
0
12
17
6
10
-22
15
10
8
8
13
2
18
3
5
9
6
6
-9
-12
11
5
6
0
11
8
7
-2
8
-24
-9
-23
-21
-32
-32
-29
-11
-9
9
6
1
0
4
-3
2
5
8
15
-16
5
18
-7
3
-15
2
4
7
1
4
9
-14
4
1
2
4
-1
-1
12
3
-1
4
10
15
6
0
-6
10
-9
13
-3
16
5
1
13
18
8
9
-7
1
3
-3
14
21
8
14
-2
-7
4
5
3
-6
0
5
3
1
2
-3
7
39
10
6
9
15
-4
1
5
11
-1
11
8
5
8
11
22
30
2
12
7
15
0
-5
9
16
4
0
10
3
8
23
9
4
8
13
14
9
24
-4
11
16
24
24
27
33
-1
7
11
11
7
8
2
19
-25
6
-10
14
6
2
-4
15
10
5
2
13
11
5
12
9
3
10
12
6
6
6
6
6
6
6
12
12
12
12
12
12
12
12
16
16
16
16
16
16
16
16
15
15
15
15
15
15
15
15
7
7
7
7
7
7
7
7
12
12
12
12
12
12
12
12
6
6
6
6
6
6
6
6
10
10
10
10
10
10
10
10
11
11
11
11
11
11
11
11
19
19
19
19
19
19
19
19
14
14
14
14
14
14
14
14
20
20
20
20
20
20
20
20
12
12
12
12
12
12
12
12
20
20
20
20
20
20
20
20
20
20
20
20
20
20
20
20
39
-9
-2
1
-6
-12
-7
11
5
22
-10
-11
0
-3
-14
-18
2
-2
5
12
6
3
-2
-2
13
-1
2
18
11
3
-2
17
5
6
7
8
10
7
6
10
15
-1
-4
6
11
4
5
1
1
8
0
-7
-3
15
20
21
-4
8
4
0
1
-5
2
11
10
14
8
12
12
11
17
14
6
-1
3
3
9
16
-3
9
0
6
10
3
4
2
1
-15
4
-2
-7
9
3
12
-3
5
7
2
-6
13
18
19
-7
-19
11
4
-1
-15
3
-2
5
-5
10
11
14
-3
9
1
-8
-1
-10
4
1
-7
-10
-11
-22
3
0
6
0
-7
4
2
-2
3
7
1
-4
-5
4
-1
7
7
7
5
3
13
17
6
20
12
-9
9
16
16
6
5
21
3
13
-3
-6
4
22
-2
-6
11
-7
2
20
15
7
1
4
9
3
-13
9
12
-3
8
10
-3
15
-2
-2
-1
2
8
10
6
0
-5
8
62
-2
-3
-7
-13
-8
-15
4
-15
-24
12
0
-25
8
23
-12
10
-10
-12
8
2
-4
-8
10
9
8
12
15
7
0
-9
48
-11
-12
6
22
8
8
5
3
11
-16
2
17
6
5
15
15
-29
-12
13
9
1
6
-2
-8
-11
-2
9
3
-24
8
22
5
14
-20
-15
14
9
-18
1
-6
-10
7
10
13
34
-2
3
9
8
-8
34
13
5
-7
-18
10
4
3
14
5
15
-18
3
15
-21
-1
-14
1
6
-6
-12
-4
-18
10
6
4
9
18
5
-1
13
7
4
20
26
27
-9
0
-9
-3
11
7
15
-13
-15
11
12
4
4
-7
-1
29
-20
-5
5
13
5
16
20
11
3
10
1
-5
-23
4
30
0
8
-5
-2
-9
6
9
3
-6
-13
-4
14
6
12