-5
6
5
0
24
0
3
2
2
5
2
4
8
8
-2
2
8
8
3
3
8
4
10
-5
2
-1
19
-2
1
5
1
17
10
0
7
5
7
8
3
9
7
5
1
1
8
1
1
14
2
6
7
-1
1
-8
11
-6
0
12
1
6
2
3
3
6
-3
6
6
8
7
7
10
1
10
3
7
4
1
9
-5
-10
6
11
5
6
1
5
-3
-1
1
2
5
4
7
4
5
9
3
-5
1
-10
-3
5
-5
3
4
0
-12
1
2
2
-1
4
8
-11
11
-8
13
5
1
3
4
1
10
13
4
7
3
1
3
9
3
9
8
5
10
10
-1
-9
1
-3
5
0
-2
-4
2
-3
6
-1
6
-3
7
5
8
1
6
8
5
5
6
8
8
6
9
6
6
9
4
6
6
7
-6
7
0
2
9
10
-9
5
1
5
8
5
10
-3
5
-1
6
5
6
-1
2
1
8
5
10
1
5
5
9
7
-4
4
-4
7
9
0
-2
-4
5
-5
-1
10
8
4
1
7
10
3
-4
19
8
-18
-17
5
2
5
-2
2
4
-7
-2
-2
8
2
5
2
-1
-2
12
4
-8
5
-6
-10
8
1
9
7
3
3
8
3
8
-3
1
-13
3
-2
-4
5
1
1
4
-4
2
3
5
-2
4
-12
4
-5
5
-1
0
3
3
3
-6
-2
4
4
4
-19
10
-5
-2
-7
7
2
-1
-6
5
3
-15
5
7
5
3
5
-10
6
2
7
1
-1
-3
-1
2
7
-2
-4
6
-16
0
-6
5
7
-9
-1
8
-1
4
-2
2
5
5
-1
-14
6
1
1
3
6
10
-1
5
3
4
3
0
1
4
9
6
5
-4
-7
4
3
6
2
2
-17
6
4
-1
4
1
11
2
6
4
2
3
0
3
1
7
-3
-5
-12
1
5
-3
-1
4
-20
4
3
1
7
2
4
6
6
-7
-1
7
4
-2
4
5
-13
7
-5
-3
3
24
7
2
2
8
-3
-13
-1
7
5
-5
7
2
11
0
1
-2
4
5
2
-5
6
1
-15
-1
-2
2
4
5
-5
2
4
3
-6
1
-9
-5
-2
6
6
4
-1
8
4
-2
7
5
-13
3
4
0
1
3
3
12
-1
4
0
-6
4
-7
3
9
5
2
2
-13
0
9
-4
3
11
-10
4
-22
-7
-23
-7
-11
-19
-11
-3
-5
0
5
5
7
5
-5
13
10
3
-7
10
11
2
-3
2
10
8
6
-1
1
2
1
-4
-6
10
16
7
6
1
1
-1
-7
11
-8
11
3
4
20
-1
0
0
13
3
7
4
4
11
26
3
-4
3
4
4
5
9
20
2
-9
8
7
6
13
9
3
5
2
9
4
3
16
2
7
5
-4
2
5
14
-2
-5
-2
-9
2
-7
-7
-7
10
2
-6
5
11
1
17
11
10
-9
0
-6
13
2
13
3
3
5
10
-4
7
3
0
-1
0
6
13
-7
-11
13
0
16
-16
23
2
7
10
0
-4
11
11
7
5
6
5
8
1
-2
-9
-6
-8
11
3
10
5
-7
0
0
-3
14
7
5
6
-2
8
18
-16
0
10
-3
12
5
14
3
34
0
8
12
0
-14
4
33
34
-1
1
-7
3
9
4
4
19
4
23
5
9
10
23
-3
13
9
11
1
-5
-3
-6
-10
13
6
17
9
15
2
-6
15
2
10
12
7
8
6
2
-7
23
16
2
11
5
17
32
10
-3
-1
-8
7
21
5
-9
-9
-11
-3
-4
13
3
8
5
-2
-1
-8
4
4
-2
0
2
23
9
12
1
14
11
3
13
22
44
-3
-9
11
3
-3
-7
-6
6
19
7
-2
-3
-8
13
1
20
-8
23
1
1
-6
14
6
24
-3
4
-13
6
3
3
0
-21
8
-2
12
11
14
30
28
15
6
2
0
-7
-14
-1
5
10
30
1
-6
1
18
8
0
1
-6
1
-1
-6
23
8
19
4
-10
-3
7
3
10
-1
10
18
4
-8
-9
5
3
-1
8
26
-6
-2
-2
-7
5
25
17
-3
-13
3
13
-10
-1
5
-8
2
-1
1
-12
5
13
-11
6
10
11
0
-5
-1
4
4
-5
12
2
4
15
4
-1
-9
12
16
0
6
1
11
8
5
2
9
9
4
8
12
-8
-2
-6
14
1
25
-2
-9
-3
13
10
16
5
-2
6
1
-13
2
-1
10
9
-6
-7
2
-10
19
-2
31
-12
-7
-11
19
22
2
6
-11
29
10
16
16
-11
2
-6
-20
1
1
-10
-12
9
27
-2
14
-8
32
18
12
7
-18
9
15
15
0
1
38
1
-6
8
0
29
3
-3
5
24
-2
-6
-12
4
-6
-3
-2
0
5
2
-4
9
17
4
2
20
22
21
16
9
18
6
10
-5
3
11
8
0
19
23
14
15
-3
2
-9
4
1
-5
12
21
12
1
2
32
3
1
-2
-2
11
4
3
6
-1
-1
22
-3
10
4
8
12
7
2
9
-19
-21
3
-1
5
-2
-2
-2
-2
1
3
8
4
-1
-12
10
7
1
-9
-4
-8
3
-3
1
-3
-2
4
2
-5
1
-13
-1
-11
-11
8
0
2
-11
15
0
8
2
-5
-2
5
1
2
2
10
10
5
-7
-2
10
-3
-8
12
-5
19
4
0
-3
15
-12
13
1
14
1
-11
1
1
2
13
4
19
-5
-6
4
-3
-7
12
-2
24
0
-7
-2
7
-3
18
-11
0
8
0
10
8
25
-8
-4
4
3
0
3
-7
14
7
4
4
1
11
-8
14
12
5
10
4
2
-2
-13
16
8
8
-6
5
2
-5
-2
8
2
0
5
-4
15
3
16
35
-4
6
-6
11
-5
-3
-5
-1
-4
15
4
-5
3
9
12
-9
-12
0
-2
12
6
12
6
10
13
15
6
-2
11
14
23
5
38
3
6
-4
4
3
4
9
6
0
3
-1
11
12
8
-7
-6
-7
8
9
16
16
10
-1
2
-10
-6
4
-10
2
-6
6
-3
-7
4
-2
5
-4
-5
10
5
8
10
3
21
-4
3
4
0
4
6
-6
-10
9
4
5
-6
-6
8
1
-10
7
-6
19
13
-9
2
-3
9
4
2
5
-2
-5
-9
7
7
-2
11
1
4
4
-1
8
-1
20
20
-11
1
8
2
-2
-9
-2
21
-25
-6
11
-7
38
9
4
20
-6
15
3
-12
-13
-2
1
-2
27
28
24
-8
6
14
4
-1
-17
-12
-11
-19
-8
-12
15
-10
-8
-4
-2
0
-9
-1
-7
-10
6
-1
-3
10
-4
7
8
-9
-17
-7
13
-1
14
2
-9
1
-1
-12
-5
-4
2
-6
-18
7
11
-17
11
-2
-4
-5
11
-9
-9
1
-11
-10
-4
14
-13
15
9
-13
-5
0
6
-6
-1
9
1
1
3
-1
2
1
7
13
-3
-3
-3
-16
14
-14
-13
6
3
16
33
-13
-5
0
12
7
-1
4
1
14
2
-1
-5
6
9
5
5
5
-10
-6
-14
-14
-13
-4
-1
-8
3
14
-12
1
-16
2
-2
-10
3
8
-6
-9
8
4
4
12
-2
14
1
0
-2
15
23
11
-4
-14
10
-2
-3
9
-3
-2
16
7
7
-5
7
4
-1
13
13
12
-8
2
4
-10
-1
11
-4
-9
11
-6
14
-3
4
2
1
0
11
4
-19
4
1
4
-9
-16
14
-11
9
18
25
18
3
6
2
1
4
11
6
3
7
-1
-1
11
-4
-10
13
0
17
3
20
-1
2
7
9
21
-19
5
-3
8
5
5
2
8
3
-14
5
11
-5
1
12
15
-3
-3
2
0
2
25
2
22
17
16
7
0
11
6
0
-6
-3
15
6
14
2
17
-5
9
-8
-9
1
15
0
5
-2
6
3
5
1
6
-4
3
-18
1
18
9
15
4
3
8
-7
-6
-12
-3
-20
9
9
19
-6
12
-3
-15
-6
8
16
3
-2
-7
13
-3
-5
-3
-17
-4
14
-13
0
-8
13
2
4
0
-1
-9
20
-4
-7
5
11
-4
-5
-6
-11
11
0
-9
22
3
-1
-4
-19
-23
-7
3
5
7
-1
4
-10
-7
-30
-42
-12
18
-2
5
-5
10
-14
0
3
6
-1
-7
-9
-1
-1
-6
1
4
1
12
-11
11
9
1
10
13
1
10
8
7
2
-6
23
14
14
8
8
17
7
9
10
18
16
-3
11
-4
10
-4
-11
3
-7
0
-5
-10
15
5
14
3
1
1
-8
13
-9
0
6
8
20
3
1
2
-6
12
26
7
11
3
3
13
23
0
6
9
-4
-6
13
8
18
1
-3
4
4
6
20
7
2
4
-5
6
16
-13
-17
8
10
-1
-2
-9
4
-7
-6
14
-6
6
23
5
-3
-17
11
34
12
4
-6
28
14
43
-3
-19
0
14
0
2
-1
-8
17
4
17
0
3
7
16
-7
2
11
16
-9
-1
2
-2
-2
5
-3
0
-3
-12
5
1
5
1
5
-1
-7
-14
16
0
-6
-15
-18
0
-15
4
6
-7
4
1
13
9
31
-5
-5
-1
-5
-10
4
21
3
6
1
-13
1
6
2
18
-1
8
5
6
-2
10
10
2
10
-12
-18
1
-23
-7
-16
-21
-12
18
2
7
-13
-3
17
7
4
-2
3
-10
-1
-17
1
-15
2
-17
0
0
8
1
1
-26
-14
-9
-9
0
-10
-16
-16
6
-16
-28
2
-14
-13
-17
1
8
-19
-16
-20
-10
5
1
-6
-12
-12
-13
-19
-2
-9
-20
-6
-8
5
-2
39
-3
-10
-6
-3
-5
4
4
2
-6
7
-7
15
13
5
9
14
-13
0
5
5
17
-8
-10
7
-4
6
1
0
3
7
-17
-10
-3
11
2
0
2
0
9
0
-13
-3
-4
7
5
5
4
1
10
-6
-1
25
10
-3
14
15
-1
-1
18
19
4
-6
-6
10
-2
9
10
7
5
5
0
11
3
-2
-8
6
7
25
-7
2
2
0
-6
14
0
3
0
-1
12
12
7
-1
1
-1
22
-6
10
-4
-10
-14
0
10
6
0
-5
-8
21
11
5
11
9
-13
2
-3
-10
3
1
3
-2
-9
1
-1
-5
-9
7
-4
-6
12
19
36
-10
-1
3
18
5
5
-2
1
1
1
18
-7
7
3
-7
-6
7
-6
1
-1
-9
0
19
-5
6
28
-7
20
12
6
-6
10
0
-16
-13
-19
5
1
-2
1
5
-4
-7
15
4
9
9
4
9
13
4
3
5
-5
25
-5
0
-1
18
8
24
2
-1
7
1
-3
11
11
6
13
10
-2
-6
-3
-6
8
-3
9
9
1
5
-3
-1
-11
-7
4
18
-3
0
6
6
-6
0
-1
-8
-6
-10
-5
6
-2
3
6
0
8
-5
-5
1
11
-7
-15
-9
6
14
6
-4
-4
22
17
-5
3
3
3
3
46
11
-7
-18
27
-7
10
-7
-10
-10
-3
9
15
-15
-6
3
-12
5
4
24
19
-7
-10
-11
-18
5
-12
-11
-16
-10
-8
18
-8
5
6
-18
-5
-11
5
-14
-5
-7
-4
-5
12
-10
-9
-8
-1
5
-12
18
5
6
3
-1
5
-8
-8
15
2
-6
2
2
-14
-8
5
-12
-2
18
-2
0
6
-14
17
-10
-3
-11
-15
16
-15
10
-21
-15
-5
-8
10
-7
-3
-6
1
2
0
0
4
0
3
-1
-11
4
-6
15
3
-5
11
5
-6
-4
0
-8
8
-2
6
-2
-5
6
-2
3
9
-10
-2
6
-5
-7
11
4
9
5
8
3
3
11
15
-11
-5
4
5
13
-11
-3
1
4
13
-16
5
2
17
-4
3
-8
-5
5
-2
9
-5
6
-2
8
-1
13
-5
-4
3
5
11
11
4
-1
-4
0
-1
-3
7
12
2
11
16
0
0
9
-2
3
5
-9
11
5
2
10
6
4
6
6
-13
3
8
-10
-12
9
0
-8
-7
-2
-2
-15
-2
0
0
-3
0
0
1
-13
6
-5
-4
-21
-7
12
-5
8
45
-2
-3
-2
0
11
3
3
3
10
-8
-4
-11
11
7
14
2
8
11
2
5
-8
-10
18
-1
2
-5
-1
-4
0
7
6
-12
-3
4
-7
0
5
13
-5
3
-8
-11
-15
13
2
-11
29
27
-5
-16
-15
-3
2
6
1
1
15
-3
15
9
2
6
1
9
2
-1
-7
12
4
-1
6
5
4
4
3
-7
9
10
8
-3
8
6
6
19
5
5
9
4
3
10
12
9
-1
1
10
9
-1
8
2
2
-8
-9
8
0
6
4
5
11
21
-5
1
5
4
-7
7
-3
8
6
1
-13
5
6
3
-4
7
1
-2
-1
5
9
6
-3
7
2
5
5
2
-7
4
7
-3
6
6
6
1
11
7
7
6
3
11
16
-5
1
9
10
8
6
9
10
10
9
7
13
17
13
14
6
-3
8
-1
12
-18
8
7
-8
8
23
6
8
12
0
-8
-5
16
9
-4
10
7
21
13
17
4
21
13
2
46
5
7
7
9
12
4
5
8
-3
23
4
4
7
4
7
1
4
4
2
4
-1
11
9
14
6
9
0
14
9
8
7
-1
4
4
7
6
8
-3
2
11
5
-5
0
10
8
8
1
7
2
5
10
2
5
13
7
2
32
-26
-33
-22
-27
-22
-29
-26
-27
-31
-8
7
-11
4
-10
-10
8
-1
-2
4
2
-6
7
7
-6
-14
-2
7
-1
-3
7
6
1
3
3
2
0
5
3
5
1
7
8
11
13
-2
-6
17
-13
8
-2
12
25
-7
7
6
15
4
1
14
10
5
28
-16
13
14
15
13
22
-1
-5
-9
9
3
6
16
10
6
5
-7
11
7
14
4
15
-1
5
11
1
7
-9
4
1
19
-7
7
18
5
0
16
-11
12
-2
1
5
-8
24
-29
8
32
11
13
1
-1
-2
3
6
6
17
2
10
2
7
4
2
-10
11
-15
3
11
16
7
11
9
20
22
-4
-10
6
11
-3
-6
9
16
-11
8
7
7
1
16
6
2
2
8
9
12
12
12
11
6
-5
17
-1
-6
13
9
22
9
17
-8
13
5
26
-14
-4
13
12
8
10
10
7
10
1
13
18
17
-22
12
12
11
13
12
4
16
14
-3
19
19
12
9
21
-5
-12
18
12
-5
20
-2
1
6
22
14
19
7
1
5
4
5
2
-8
1
1
0
3
5
2
12
2
-7
4
0
18
4
3
-3
-12
14
5
5
2
1
3
-2
2
3
-2
-13
6
8
4
9
7
-1
-6
8
3
6
6
-1
4
10
3
6
12
-7
8
9
21
1
7
0
-19
10
-23
8
-25
-8
1
-2
-2
-3
4
5
12
9
34
-13
9
1
11
2
13
2
8
4
-4
12
9
13
-5
3
0
18
15
16
7
-1
-6
1
19
19
29
33
25
6
4
4
7
17
3
9
10
8
0
7
10
14
-4
-5
3
12
20
6
11
-12
4
11
6
7
16
9
1
5
0
2
13
4
1
-9
8
9
7
11
7
22
12
3
5
14
21
15
19
5
51
0
9
9
9
9
9
9
9
9
7
2
9
-1
-9
6
5
-6
16
-4
16
-2
4
5
0
9
4
-3
6
7
-1
3
4
0
8
8
12
6
-5
-3
7
-6
17
-4
21
2
5
10
4
4
9
-1
3
-2
0
-11
2
-1
-1
-1
-5
8
4
6
-4
15
-6
33
8
10
1
18
-7
15
9
3
5
10
2
2
6
10
2
7
23
-8
7
16
9
9
6
8
17
-1
17
9
-1
-2
5
8
9
14
6
3
-3
5
6
12
20
19
15
13
17
5
9
15
30
9
9
22
12
16
2
1
17
2
12
-4
9
10
7
9
4
11
7
-3
7
6
-3
21
9
9
5
1
10
2
11
10
3
20
8
-1
1
1
12
-5
2
2
-3
8
15
10
10
4
7
16
13
2
9
8
-1
3
-5
8
-3
9
6
0
-7
19
1
6
0
-23
0
1
14
5
11
1
9
11
-9
-8
-4
-8
14
5
19
15
2
2
0
13
-19
22
6
5
-4
1
10
7
5
7
-6
7
2
2
-2
5
5
-1
1
15
3
0
2
18
-1
-2
-9
1
18
0
-2
14
4
29
10
16
-21
11
2
1
9
1
15
13
-5
-9
-2
13
5
8
5
2
5
6
5
-1
8
2
-11
-13
-17
-6
14
7
-3
5
7
2
7
-3
-9
13
-8
12
2
3
3
-1
6
7
7
7
1
-3
3
4
1
8
-12
5
-6
-1
2
-5
2
1
-3
1
4
-5
2
-8
9
9
-9
-9
-8
11
0
9
11
8
12
11
7
-3
-2
-5
16
-3
14
-7
-10
-8
-19
-24
-4
-5
-11
11
-13
-13
-20
-9
6
8
1
0
-5
-10
0
0
8
6
10
1
-2
12
5
2
-2
9
3
5
8
6
6
17
13
-6
1
7
-1
4
18
-10
8
17
22
10
12
5
7
11
20
-5
9
7
29
8
4
25
12
6
4
7
-2
-15
8
21
7
12
7
3
10
1
15
-2
-4
21
-4
9
20
6
3
8
-5
16
6
8
13
1
8
1
3
9
12
14
-26
0
25
15
13
12
14
11
8
-7
20
9
1
7
-3
-7
5
-4
5
1
3
-1
9
5
13
2
11
8
4
0
0
5
5
12
1
8
8
3
5
18
18
5
-16
42
54
-11
-12
-19
-1
2
-6
-7
12
-4
-11
-7
-6
1
16
-3
1
9
21
5
4
-1
12
-4
4
11
6
7
2
17
15
4
9
3
2
5
6
9
10
6
3
3
7
3
1
4
8
-5
7
3
5
6
2
-2
3
6
9
8
5
15
14
-2
-5
-2
17
5
10
4
14
4
3
1
7
22
13
-7
9
5
4
-1
-13
9
10
5
0
-3
-10
7
15
-4
7
5
6
8
20
-9
11
12
-2
-7
6
3
11
-20
9
-15
7
5
18
1
12
17
6
-5
-1
3
-1
3
-2
-10
2
9
5
7
-10
2
18
6
5
8
-10
8
-7
-8
19
-4
-4
10
8
9
6
1
-11
8
1
16
23
14
3
5
-14
11
13
5
4
-11
1
-3
-18
23
35
-3
-3
5
25
8
-25
-16
7
10
11
-19
11
-17
6
-17
6
8
3
5
4
-3
20
6
0
-2
-5
-9
-11
15
6
10
15
7
15
-4
-9
-5
-8
7
8
5
6
2
0
-3
1
-2
-8
-2
1
-10
15
33
-3
1
1
-3
8
12
7
11
3
-2
9
5
-17
6
6
2
-4
-7
-15
1
11
26
16
6
6
0
6
36
29
1
-4
-6
4
17
16
-18
2
14
5
-23
10
13
9
18
-19
9
12
-13
9
10
2
6
-6
6
12
15
0
13
11
14
9
-7
10
7
-18
-8
-5
5
-6
-8
-8
1
-1
-12
10
6
7
3
6
-1
18
17
8
-10
9
-19