-2
-7
1
-3
-4
-3
-13
-1
4
1
9
3
-9
-16
-3
8
10
-6
2
-5
7
-6
0
-1
-3
-12
-8
3
1
-6
-7
4
1
8
2
-3
-3
0
-6
3
5
10
9
-7
7
-6
3
-3
7
-12
0
-14
4
-9
6
-2
9
7
-7
6
-7
9
1
6
-21
8
-15
10
-17
9
2
12
-9
12
-1
16
-1
11
-7
18
-10
16
-5
13
4
11
5
-8
11
-22
4
-8
2
-6
1
0
0
-11
-7
12
-13
-2
-11
-10
1
-18
-5
-18
-1
12
-6
9
-17
-4
-14
2
-21
-5
-19
0
-15
-3
-8
2
-25
8
-5
7
-12
-2
-7
-1
-4
5
-4
2
5
10
5
11
-7
14
-15
4
-7
10
-4
13
-9
-10
2
4
0
3
-12
-18
5
-14
10
-17
7
-14
8
10
6
-16
7
-27
0
-12
5
-12
11
8
13
-5
13
-13
-17
9
-6
11
-9
6
-8
6
-16
9
-4
12
-7
14
10
-21
7
3
12
-17
4
-12
7
-5
8
-5
-11
4
-7
2
-16
-19
-3
-15
-18
0
-14
-4
-3
6
-5
-17
-1
-15
4
-25
0
-14
1
-12
8
-15
3
-24
2
-7
6
-13
-1
-12
9
-7
3
-15
-1
-19
1
-16
-3
-12
-21
6
-10
14
-11
-15
6
3
0
-1
-7
-8
-18
-11
1
-16
0
-16
6
11
16
1
15
-12
6
-4
6
-8
4
0
-1
7
-9
2
7
-12
-17
13
-13
12
-15
7
-8
5
-14
2
5
-8
13
-5
-8
-5
-26
-16
-21
13
-7
9
-14
4
-8
-12
9
-10
-3
13
-2
3
-7
-20
-12
1
-19
-1
-13
-2
-9
6
-2
9
-20
3
-9
6
-13
5
-1
5
-7
13
-1
-4
6
-6
3
-17
0
-25
5
-18
-9
-9
1
-27
7
-7
-21
7
-13
12
-23
-7
-17
-5
-18
3
-7
-12
13
12
21
17
18
14
22
18
12
15
15
-8
-7
15
12
8
13
-18
15
11
-24
10
10
14
11
14
15
16
7
9
16
8
12
13
8
15
9
16
4
-2
8
8
14
13
13
9
12
8
3
12
14
7
20
11
11
19
7
21
19
21
20
20
11
12
3
3
-15
-14
-20
12
22
24
20
-12
19
17
17
5
17
19
23
-15
25
16
17
14
13
16
-15
19
14
15
16
-10
16
11
6
21
18
15
19
18
21
13
15
17
-18
20
22
21
16
19
18
18
23
19
19
23
-1
18
19
-3
13
-6
-6
19
16
9
13
19
19
24
-2
17
5
-3
29
-1
22
21
19
21
-20
15
17
-14
21
-8
22
15
-9
12
15
-10
16
-10
3
-10
10
4
-2
23
-23
27
-5
19
13
-13
22
30
-19
0
20
3
13
-6
13
-22
16
1
19
10
-8
14
-5
-6
9
23
2
5
17
-5
13
14
-6
14
-21
14
-8
15
2
-4
14
-1
14
-1
-11
21
0
24
0
-16
20
-11
15
3
-13
18
-3
16
-7
6
5
15
11
19
0
1
23
-3
13
-4
9
-3
-5
19
17
4
16
-1
10
-4
-10
26
-21
16
0
24
-8
21
2
-6
16
-2
18
-1
-1
-8
13
-1
13
-14
-17
15
0
14
-14
17
2
20
17
-2
13
2
-5
15
2
-20
19
-4
13
9
-18
-7
0
9
8
12
22
15
-11
19
20
-18
20
12
14
8
-20
-22
1
8
-18
6
3
7
11
-20
7
-10
-9
-1
5
-11
21
-4
1
-53
-16
3
8
4
-23
3
3
-1
-1
-22
-27
2
-44
0
5
-20
1
-2
-30
-3
2
-13
-6
7
-13
6
-6
-4
-12
-2
-35
-30
-1
5
3
-6
-16
14
-11
14
-9
-7
-1
-2
-1
0
8
3
9
9
8
6
9
4
-10
-5
4
16
-14
14
-20
9
-2
-11
19
0
-16
9
-12
15
0
6
-11
6
6
-17
10
13
-11
-16
-17
4
-19
-10
5
-13
7
-6
-19
10
-12
-5
3
9
10
15
1
7
12
-11
3
10
-4
12
-1
-13
11
-9
-9
15
6
10
7
-7
5
7
17
-4
15
-4
-8
-11
16
-4
-16
9
3
-9
20
9
-15
9
-9
12
-14
13
17
-6
9
-9
-17
-5
7
8
-1
14
-22
7
-19
-11
7
-17
10
-15
15
-7
-13
12
-9
-2
7
-5
-3
11
-13
-10
11
-2
15
-8
11
-7
-8
12
-13
-13
16
13
1
15
-6
7
-22
10
-5
8
9
-16
1
17
-16
-9
12
6
-12
15
-11
15
-4
17
-10
13
-14
14
-10
18
-6
-2
13
-10
14
-10
12
-6
14
-5
12
-12
-11
14
3
3
-5
10
-8
7
-4
-7
-15
10
-10
17
-2
-9
16
-7
11
-14
10
-22
14
13
-5
-15
15
-19
15
-9
17
-9
8
-13
-8
13
-2
14
-13
13
-5
9
-11
8
-6
-10
13
-3
-7
9
0
-6
17
-3
12
-6
3
-4
14
-3
-12
22
2
17
-1
15
-5
16
-11
15
-14
18
-11
11
-14
-5
-4
15
-5
-15
-4
16
-21
15
-12
-5
16
-14
12
-2
4
-13
18
-11
12
-2
3
7
-11
9
-16
15
-10
20
-5
15
-21
-13
15
-14
14
-10
3
11
7
7
17
0
17
-12
27
-15
9
-2
9
12
-17
13
-12
15
-15
17
-16
19
21
-7
16
-15
10
-12
9
-17
21
-4
5
3
14
17
-15
21
-10
15
-7
-12
19
-6
18
6
-19
29
-6
23
1
-4
14
0
-11
18
-1
-13
24
-9
18
-9
22
-1
-14
25
-10
16
-15
-18
10
14
-7
21
10
1
11
-3
-27
14
-5
23
-16
-11
21
-12
24
-5
14
-4
-16
9
24
-10
5
-9
17
-11
24
-14
19
21
-2
13
-13
8
-17
3
-10
15
-9
11
15
-15
6
-3
3
13
-6
10
8
-12
6
-14
13
-6
22
-19
14
-11
10
14
24
0
4
-12
20
19
3
21
-6
1
20
-3
17
12
-9
16
21
3
17
-6
12
-18
14
19
1
6
3
6
19
-9
9
12
-3
12
12
8
8
-14
15
16
11
12
-6
9
18
0
17
5
3
-6
12
-13
17
50
50
21
16
-27
21
21
-24
22
25
0
-22
26
24
-21
23
21
21
-20
22
-20
23
17
25
-26
26
23
28
-23
26
-26
24
4
-2
21
20
22
19
20
21
20
15
23
32
24
14
27
19
17
25
-8
18
24
16
-19
12
-22
25
17
11
-8
15
17
-18
-10
22
20
-7
15
13
-5
13
15
-14
-4
27
18
-2
23
-25
19
-9
15
25
27
19
21
22
17
16
10
-27
26
-10
22
-27
16
23
-3
25
22
-7
-5
17
-11
7
-15
22
15
7
-9
14
11
14
12
-28
9
21
-18
11
-14
9
-9
15
10
-3
20
15
-25
13
4
13
11
7
-18
7
-5
9
11
-27
11
-2
8
-21
11
-6
11
-21
9
-13
9
-14
15
-28
14
6
-8
6
-6
11
7
13
8
16
18
17
-15
-4
5
15
-6
-13
15
-15
15
-6
3
-13
33
20
17
-8
7
-8
15
4
19
-9
20
-5
0
2
15
-18
18
-13
12
-17
6
-14
18
12
-12
21
-9
3
28
-25
7
-9
15
2
17
-5
9
-11
-2
14
4
-10
1
11
16
5
-10
-15
21
-13
26
-27
14
17
-1
7
-6
12
-11
8
-7
15
-19
12
-11
16
-23
15
-10
20
-23
28
25
-16
23
-10
5
27
-14
17
21
23
-8
19
-2
25
-5
-4
2
8
22
-8
27
24
-8
22
-20
12
-13
20
-31
23
-12
21
-24
18
-20
16
-23
18
-21
19
-22
23
-5
13
-18
15
-5
18
14
-7
15
-25
19
-9
13
1
-1
24
12
-21
18
-6
25
25
-13
25
-12
19
-21
17
-26
22
18
-29
23
-12
9
8
-12
-21
23
-13
20
-20
17
-16
23
17
-26
18
22
6
29
-27
24
30
-25
26
27
-27
24
-25
21
28
19
26
21
-7
19
-21
21
22
-26
22
30
15
-16
23
-12
26
13
24
-34
19
21
-13
24
2
-15
17
23
-20
16
-21
20
-13
23
-22
25
-20
26
-16
26
-20
27
-16
24
-12
4
19
24
17
31
4
25
-17
22
-4
-3
31
-14
20
7
-14
26
23
2
20
-12
15
-3
-16
23
21
17
5
34
-12
20
25
17
-2
18
-24
13
-17
24
20
17
-15
10
17
9
13
15
14
12
12
12
9
9
6
6
-23
-8
-23
-4
14
21
18
18
20
20
16
24
36
18
7
24
14
16
24
15
-16
11
25
15
-23
25
3
22
14
-22
25
-25
24
-4
14
31
32
21
26
32
27
23
-8
-10
-31
23
-12
15
-17
-18
19
22
-21
37
22
-33
-33
25
-3
23
30
12
28
-18
34
20
32
39
-6
-11
29
21
18
-4
-4
26
-7
31
-27
28
-15
21
-6
22
-11
18
-2
23
4
1
1
2
32
-11
24
-1
27
1
14
-11
39
-14
-5
28
-3
8
-7
11
-21
19
-15
36
-19
-19
-19
12