-3
-4
-5
-6
-8
-9
-5
-4
-7
-7
-2
-6
-8
-4
2
-2
-10
-10
-2
-4
-5
-5
-5
-8
-6
-6
-5
0
-7
-8
-5
-7
-16
-24
-13
-5
-7
-30
-2
-6
-6
-1
-5
-9
-9
-3
-7
-15
-7
-10
-9
-9
-9
-10
-10
-8
-8
-12
4
12
-5
-4
-5
-8
-14
-13
-8
-11
-9
-10
-4
-3
-6
-10
-5
3
-1
-1
-3
-5
1
7
1
0
-5
-1
-5
-7
-4
-1
0
-4
-1
-10
-2
-5
-3
-5
-1
1
-2
0
-1
-1
-12
-3
-2
-8
-5
-7
-1
5
-1
-1
-36
-3
-5
-1
-8
2
7
0
3
2
0
-4
4
4
3
-1
-5
-4
-7
-5
-5
0
-4
-5
-4
1
5
3
2
1
3
-2
-2
-2
3
-6
4
0
-1
-3
-1
-5
0
-2
-1
-1
4
2
0
1
3
-5
2
-9
4
0
-1
5
3
7
2
-4
0
1
1
-5
-1
10
8
13
7
6
6
8
1
1
54
52
52
-1
-2
-3
-4
-7
-5
-8
-3
-3
-4
-6
0
-4
-4
3
0
-1
-5
-3
-2
-7
-10
17
-6
-4
-2
-3
-3
-13
1
17
8
7
-3
2
-6
-3
-6
-15
-11
-1
1
11
1
-14
-13
-14
-14
-11
-9
0
-12
-6
-2
-2
-13
1
-7
2
3
18
3
-10
-12
-5
-9
-8
-8
15
12
1
7
-11
-14
-10
-10
0
0
-10
-8
-9
-4
1
-9
-12
-6
-8
-20
9
-4
11
-3
-8
-6
-4
1
-1
-4
-13
-11
-24
17
-6
20
-17
-22
-6
-10
-7
-4
0
-8
3
1
18
10
-2
5
-13
-16
0
-15
-17
22
-6
5
-4
-11
-11
-14
-7
-5
-7
-5
-1
-11
-8
-14
-12
7
2
-7
6
-3
-7
8
-10
-17
12
3
6
3
7
-8
-1
-11
-17
-12
4
22
-28
11
-5
-12
-5
-1
0
-6
-10
20
6
-8
-3
-9
-11
-14
-2
-25
-7
8
8
0
21
9
-5
-9
7
-9
-7
-24
-5
6
24
-8
7
-10
1
-12
-15
-15
-1
-1
23
-34
-9
-12
-14
-1
-6
4
-13
-10
-15
-15
0
-4
-13
-8
2
-1
-18
18
-5
-13
-14
-11
-11
-15
57
47
64
18
-7
-11
-4
-12
-4
-3
-5
-14
-5
-9
-14
-5
-11
-4
-11
-17
-17
-4
-3
4
-32
3
7
9
-15
-9
1
-7
-16
-7
-1
-8
-12
4
17
-12
-1
-23
-8
-12
-17
-16
4
-6
-10
-16
-12
-4
-4
-13
-12
-8
13
-11
0
-8
4
-1
-3
6
-2
-4
23
0
-11
5
-19
-7
-7
-13
-1
-5
-6
-18
-5
-8
-18
7
2
-5
-6
-8
-3
-11
-8
-4
-8
-2
-1
-6
-4
-1
-21
-19
5
-2
-1
6
3
-22
0
-5
-3
6
4
-3
-5
2
16
-7
16
-9
19
9
1
-6
-3
0
-1
0
-5
5
-1
-1
-12
-11
2
-11
-3
-3
-5
24
-3
-1
11
16
1
14
-2
2
17
-8
0
6
22
0
20
4
4
3
-20
0
-13
0
-3
-12
1
-6
1
27
0
15
-4
-1
-7
1
-2
3
6
-5
2
0
5
13
3
2
-4
3
2
7
3
-4
-8
-2
-12
-25
-10
-4
-15
-13
-24
-28
-24
-10
-8
-9
-14
-1
0
0
-9
-16
-5
2
-12
-21
-30
-22
-26
-22
-18
-17
-3
-20
-24
-26
-24
-28
-13
-14
-9
-25
-33
-38
-30
-3
8
-1
-9
-9
-16
4
-2
-9
9
-5
-4
3
-16
-11
3
-3
-2
-2
-7
-10
-5
-12
-8
-7
1
-7
-8
-14
-19
-11
-10
-15
-7
-14
10
-17
15
-17
-5
-8
-19
-7
-7
1
-10
-5
-11
2
-5
-13
2
-19
-13
-12
-16
-19
4
-6
-21
4
-4
-10
-8
3
-14
-15
-5
-3
-1
-13
-3
-21
-4
-8
-8
-11
-6
7
-6
-17
-12
-5
-10
-7
-7
-11
-7
-2
-10
-2
-2
-2
-2
-4
-14
-2
-1
-8
-6
1
-9
-11
-9
-13
-6
1
-2
12
-5
-20
-9
-6
-4
-4
-11
-13
-5
-3
0
-3
-6
-2
1
3
-14
-3
-7
-1
1
-1
-10
0
-7
-13
6
-7
-3
-3
-1
-12
-14
-15
-25
-15
-11
-4
-2
-2
-5
-9
8
12
-16
-5
13
-4
-9
-28
-10
-17
0
-6
-3
-1
-7
2
-3
0
-11
4
1
-9
-1
-1
2
-1
-1
-7
-14
-5
14
25
10
2
-1
-12
-2
-18
-3
-2
-17
-6
-5
-5
-13
-3
-8
-2
-8
-13
-7
-3
0
2
-1
-1
-3
-7
-13
-21
20
2
-4
-17
-1
1
-5
2
-8
-2
-5
-5
-14
-19
-7
-6
0
-2
5
-4
-5
-1
-8
8
-2
-5
4
-7
-6
-2
-13
26
0
-1
2
2
-4
-15
2
-3
3
-3
-2
1
-11
-22
1
34
-17
-5
-9
16
-1
17
39
28
-1
-8
1
1
1
25
-5
-13
-8
3
-7
-4
-14
-9
11
15
3
-17
-3
-10
-1
-2
-13
-20
-20
-5
-15
-6
-6
-4
3
-2
-8
-20
-13
-1
-5
-4
-15
-5
-15
-10
-14
-6
7
-2
-3
-9
5
1
-2
3
-8
-8
-4
1
3
3
-3
-3
-8
1
-9
-2
-2
-9
-5
-7
-1
-7
13
-11
-2
-7
3
0
-16
-6
-9
-12
9
-2
6
-16
-5
37
28
20
31
-5
-15
-1
-10
-9
-6
-1
13
2
-16
-19
7
-1
-8
-13
-20
-18
7
-22
-29
-22
-5
-12
-8
-9
-19
-19
24
-20
-2
-8
2
6
-3
-11
-2
-11
-16
-2
25
-3
-7
-11
-11
-17
-3
-8
-6
-8
-18
-7
-8
-7
-1
-3
-16
-18
-7
-3
-4
-10
-17
-4
-11
-12
-19
-19
37
-9
9
6
-7
-15
-1
-6
-8
-13
19
15
25
-6
-10
-16
-23
-6
-8
-18
-7
-14
-4
-15
4
-32
-7
-12
-9
-4
-14
15
0
21
-3
-8
0
-20
-20
24
-4
-8
-12
12
-7
-13
-5
2
-12
-18
-10
-14
-4
10
-1
-22
-4
-9
-6
-3
10
1
-7
-8
-17
-25
-14
11
-7
-20
11
-25
4
-27
-1
-6
-10
2
-1
13
5
-2
-10
-3
-10
8
19
16
1
-6
-28
5
5
-9
4
-19
-4
4
11
-8
-10
-18
-4
-5
12
-13
-17
-11
-6
16
-4
0
23
15
-5
-9
-5
-2
10
1
0
0
12
-2
-16
-7
-26
-8
-5
-1
-5
-6
-8
-6
-12
-10
-6
-12
-23
-12
0
-5
2
10
6
-5
-10
-19
23
-1
-23
1
6
-7
-10
3
7
36
17
-9
-11
-10
-8
6
-11
-3
-5
-1
-1
-5
-15
-10
-9
-10
14
-6
3
5
-3
-7
-15
3
-9
-13
-14
-2
13
12
-9
-3
-5
-17
35
-26
-18
-17
-2
-22
-6
-12
-27
-23
-27
-9
-9
-7
-13
0
9
-29
-7
26
-12
-7
-11
36
-16
0
-7
1
0
-3
-8
-5
-4
-1
-13
-25
-10
-3
-5
-5
-10
-3
2
-24
-9
31
-13
-13
3
0
-16
1
4
7
-16
-13
10
-7
-8
8
6
3
-5
6
10
-15
-11
0
-3
-3
-6
-6
-10
-2
-9
1
-11
-11
-16
-10
-8
-23
-18
-5
9
22
29
-6
-9
30
-11
-17
-4
-17
-7
-20
5
-28
2
-4
-6
-3
8
28
-5
-9
9
31
-4
-7
-1
4
3
8
-7
9
4
2
-3
-2
2
-7
-5
-11
-5
5
-1
-17
-20
-24
-22